0, 0, (50.0, 1539.635185185185, 1696.5703703703703), [0.4420516584285231, 0.9166664170663903, 0.5889711949685691, 10, 7, 0.11740129937527932, 0.8237545565446578, 0.8930877039405777, 0.036504736000980365, 0.17948350034128913]
0, 1, (50.0, 1785.9113756613758, 1876.5685185185187), [0.04902609658722734, 0.8653502732308745, 0.9908396851713697, 9, 19, 0.7132044454310345, 0.4307910437241077, 0.9821281319560242, 0.6004570508530116, 0.9329013058041525]
0, 2, (47.0, 1733.7132275132271, 1778.7962962962963), [0.5829479249368014, 0.9877026823120533, 0.13155344034029015, 2, 12, 0.8120901159695482, 0.27917097040196936, 0.1715265479150182, 0.9022835418992459, 0.1088361376693272]
0, 3, (47.0, 1955.7592592592596, 1479.6666666666667), [0.5903427973539169, 0.8719170650346046, 0.04417109833796928, 2, 6, 0.16561146093359747, 0.9065357003539187, 0.19371608141636076, 0.91067752831614, 0.9770483895652741]
0, 4, (46.5, 1713.2537037037036, 1758.1388888888891), [0.6528944124842421, 0.05601299496893375, 0.894517930570392, 6, 11, 0.6559255533683115, 0.850736182675627, 0.3706841618423885, 0.19495755962799532, 0.5887392150563108]
0, 5, (43.5, 1666.3, 1886.8166666666666), [0.9214156074460171, 0.3213832625997549, 0.7999925496311222, 6, 6, 0.04534697343816674, 0.07866254196781586, 0.9027005162559588, 0.42898158073812387, 0.4372211288335408]
0, 6, (42.5, 1657.648148148148, 1815.9629629629628), [0.8027750050953106, 0.24207093809927782, 0.7510604649210741, 8, 12, 0.7157657373162598, 0.8541890365193386, 0.60222244203499, 0.8775289152659288, 0.19525698101409406]
0, 7, (42.5, 1833.325925925926, 1590.3944444444444), [0.6342634938608634, 0.7947104217653075, 0.8862780480638321, 7, 1, 0.9355247482319796, 0.4747359791681147, 0.5569247035906973, 0.10195739755846056, 0.7247516789367295]
0, 8, (41.0, 1863.2555555555555, 1710.5190476190473), [0.06471477561751271, 0.6031446942768776, 0.4023321085832744, 8, 11, 0.538915068061231, 0.21077785120757053, 0.6888877884189402, 0.33933796142511297, 0.8771826657434701]
0, 9, (40.0, 1644.448148148148, 1799.8166666666666), [0.9045568955944984, 0.40657507938124815, 0.2826177529138404, 9, 17, 0.4004649148595957, 0.583151646791601, 0.1115561174716384, 0.8863883686898595, 0.529956041113012]
1, 0, (106.5, 1815.4991228070178, 1625.7789473684209), [0.6342634938608634, 0.7947104217653075, 0.8862780480638321, 7, 1, 0.9355247482319796, 0.4747359791681147, 0.5569247035906973, 0.10195739755846056, 0.7247516789367295]
1, 1, (100.5, 1716.9636591478695, 1649.5008771929824), [0.04902609658722734, 0.8653502732308745, 0.9908396851713697, 9, 19, 0.7132044454310345, 0.4307910437241077, 0.9821281319560242, 0.6004570508530116, 0.9329013058041525]
1, 2, (99.5, 1676.7043859649123, 1736.330701754386), [0.5829479249368014, 0.9877026823120533, 0.13155344034029015, 2, 12, 0.8120901159695482, 0.27917097040196936, 0.1715265479150182, 0.9022835418992459, 0.1088361376693272]
1, 3, (98.5, 1638.3294486215539, 1638.3149122807017), [0.5829479249368014, 0.05601299496893375, 0.13155344034029015, 6, 11, 0.5510243453401986, 0.27917097040196936, 0.1715265479150182, 0.9022835418992459, 0.5887392150563108]
1, 4, (98.0, 1771.7140350877191, 1525.3210317460316), [0.6528944124842421, 0.9877026823120533, 0.894517930570392, 3, 12, 0.6559255533683115, 0.850736182675627, 0.3706841618423885, 0.19495755962799532, 0.1088361376693272]
1, 5, (97.0, 1670.66015037594, 1675.108270676692), [0.8027750050953106, 0.24207093809927782, 0.7510604649210741, 8, 12, 0.7157657373162598, 0.8541890365193386, 0.60222244203499, 0.8775289152659288, 0.19525698101409406]
1, 6, (96.5, 1722.6377192982454, 1790.5271929824564), [0.6528944124842421, 0.06620191600382264, 0.8862780480638321, 6, 1, 0.6559255533683115, 0.850736182675627, 0.3706841618423885, 0.19495755962799532, 0.7247516789367295]
1, 7, (95.0, 1716.8786967418546, 1706.396992481203), [0.4420516584285231, 0.9166664170663903, 0.5889711949685691, 9, 7, 0.5279314262642916, 0.9292568082263726, 0.4964925242290603, 0.036504736000980365, 0.17948350034128913]
1, 8, (94.5, 1706.7754385964915, 1583.6464912280699), [0.06471477561751271, 0.6031446942768776, 0.4023321085832744, 8, 11, 0.538915068061231, 0.21077785120757053, 0.6888877884189402, 0.33933796142511297, 0.8771826657434701]
1, 9, (94.5, 1737.501754385965, 1593.8938596491228), [0.6528944124842421, 0.05601299496893375, 0.894517930570392, 6, 11, 0.6559255533683115, 0.850736182675627, 0.3706841618423885, 0.19495755962799532, 0.5887392150563108]
2, 0, (106.0, 1734.8314536340856, 1668.4464912280703), [0.5829479249368014, 0.9877026823120533, 0.13155344034029015, 2, 12, 0.8120901159695482, 0.27917097040196936, 0.1715265479150182, 0.9022835418992459, 0.1088361376693272]
2, 1, (102.0, 1760.9003759398497, 1623.8263157894735), [0.5829479249368014, 0.9877026823120533, 0.13155344034029015, 7, 1, 0.9355247482319796, 0.4747359791681147, 0.1715265479150182, 0.10195739755846056, 0.1088361376693272]
2, 2, (100.0, 1760.2377192982453, 1701.7596491228066), [0.6342634938608634, 0.7947104217653075, 0.8862780480638321, 2, 12, 0.8120901159695482, 0.27917097040196936, 0.21122005976815805, 0.9022835418992459, 0.7247516789367295]
2, 3, (99.5, 1693.6789473684212, 1901.8447368421055), [0.8027750050953106, 0.05737109772851967, 0.7510604649210741, 8, 12, 0.6559255533683115, 0.8541890365193386, 0.60222244203499, 0.8775289152659288, 0.5887392150563108]
2, 4, (98.5, 1625.0947368421055, 1794.9200501253133), [0.04902609658722734, 0.8653502732308745, 0.9908396851713697, 9, 19, 0.7132044454310345, 0.4307910437241077, 0.9821281319560242, 0.6004570508530116, 0.9329013058041525]
2, 5, (97.5, 1782.8219298245615, 1687.2789473684213), [0.6528944124842421, 0.05601299496893375, 0.894517930570392, 6, 11, 0.6559255533683115, 0.850736182675627, 0.3706841618423885, 0.19495755962799532, 0.5887392150563108]
2, 6, (97.0, 1712.6780701754387, 1780.3271929824557), [0.6528944124842421, 0.4256916703512822, 0.894517930570392, 3, 1, 0.6559255533683115, 0.850736182675627, 0.3706841618423885, 0.9628154039356454, 0.7247516789367295]
2, 7, (97.0, 1792.7429824561405, 1777.7259259259258), [0.6528944124842421, 0.9877026823120533, 0.8862780480638321, 6, 12, 0.6559255533683115, 0.850736182675627, 0.5213758766545593, 0.19495755962799532, 0.1088361376693272]
2, 8, (95.0, 1731.3000000000002, 1702.401754385965), [0.5829479249368014, 0.05601299496893375, 0.13155344034029015, 6, 11, 0.5510243453401986, 0.27917097040196936, 0.1715265479150182, 0.9022835418992459, 0.5887392150563108]
2, 9, (95.0, 1741.7061403508774, 1698.6412280701754), [0.6403967154074145, 0.9877026823120533, 0.13155344034029015, 2, 19, 0.7132044454310345, 0.27917097040196936, 0.9821281319560242, 0.5470207159678474, 0.7796962256413712]
3, 0, (107.5, 1661.8140350877193, 1761.004385964912), [0.5829479249368014, 0.05601299496893375, 0.13155344034029015, 6, 11, 0.5510243453401986, 0.27917097040196936, 0.1715265479150182, 0.9022835418992459, 0.5887392150563108]
3, 1, (106.0, 1578.2605263157893, 2024.0394736842109), [0.5829479249368014, 0.05601299496893375, 0.894517930570392, 6, 11, 0.6559255533683115, 0.27917097040196936, 0.1715265479150182, 0.9022835418992459, 0.5887392150563108]
3, 2, (103.0, 1660.2824561403509, 1684.4026315789474), [0.5829479249368014, 0.9877026823120533, 0.13155344034029015, 7, 8, 0.8120901159695482, 0.7629982692845708, 0.1715265479150182, 0.9219985464586472, 0.1088361376693272]
3, 3, (102.5, 1842.9333333333332, 1577.3192982456142), [0.8027750050953106, 0.05601299496893375, 0.7510604649210741, 6, 11, 0.3710915651640738, 0.8541890365193386, 0.30354855988257434, 0.19495755962799532, 0.5887392150563108]
3, 4, (99.5, 1640.3780701754388, 1620.3280701754388), [0.5829479249368014, 0.9877026823120533, 0.13155344034029015, 2, 12, 0.8120901159695482, 0.27917097040196936, 0.1715265479150182, 0.9022835418992459, 0.1088361376693272]
3, 5, (98.5, 1660.698245614035, 1682.040350877193), [0.04902609658722734, 0.8653502732308745, 0.9908396851713697, 9, 19, 0.7132044454310345, 0.4307910437241077, 0.9821281319560242, 0.6004570508530116, 0.9329013058041525]
3, 6, (98.0, 1765.0473684210524, 1602.2938596491229), [0.5829479249368014, 0.9877026823120533, 0.13155344034029015, 7, 1, 0.9355247482319796, 0.4747359791681147, 0.1715265479150182, 0.10195739755846056, 0.1088361376693272]
3, 7, (97.0, 1615.6798245614036, 1839.0605263157893), [0.6528944124842421, 0.05601299496893375, 0.7510604649210741, 4, 19, 0.6559255533683115, 0.850736182675627, 0.60222244203499, 0.19495755962799532, 0.5887392150563108]
3, 8, (94.5, 1819.4833333333333, 1605.904385964912), [0.6403967154074145, 0.9877026823120533, 0.13155344034029015, 2, 19, 0.7132044454310345, 0.27917097040196936, 0.9821281319560242, 0.5470207159678474, 0.7796962256413712]
3, 9, (93.5, 1683.4429824561403, 1702.4026315789472), [0.04902609658722734, 0.9877026823120533, 0.13155344034029015, 7, 1, 0.9355247482319796, 0.4747359791681147, 0.1715265479150182, 0.10195739755846056, 0.8225463581646436]
4, 0, (106.5, 1751.0934837092734, 1765.182456140351), [0.5829479249368014, 0.05601299496893375, 0.13155344034029015, 6, 11, 0.5510243453401986, 0.27917097040196936, 0.1715265479150182, 0.9022835418992459, 0.5887392150563108]
4, 1, (104.0, 1627.0859649122806, 1874.1561403508772), [0.5829479249368014, 0.9877026823120533, 0.30576470288442625, 2, 11, 0.8120901159695482, 0.763744635883134, 0.1715265479150182, 0.9022835418992459, 0.1088361376693272]
4, 2, (102.0, 1636.057894736842, 1741.8701754385966), [0.6403967154074145, 0.9877026823120533, 0.13155344034029015, 2, 12, 0.7132044454310345, 0.27917097040196936, 0.1715265479150182, 0.9022835418992459, 0.1088361376693272]
4, 3, (101.0, 1628.145989974937, 1682.4783068783072), [0.5829479249368014, 0.9877026823120533, 0.7510604649210741, 6, 11, 0.8204360324629584, 0.8541890365193386, 0.1715265479150182, 0.9219985464586472, 0.1088361376693272]
4, 4, (101.0, 1747.3053884711783, 1729.761403508772), [0.6403967154074145, 0.9877026823120533, 0.13155344034029015, 2, 19, 0.7132044454310345, 0.27917097040196936, 0.9821281319560242, 0.5470207159678474, 0.7796962256413712]
4, 5, (99.0, 1603.1438596491228, 1621.8263157894737), [0.5829479249368014, 0.9877026823120533, 0.13155344034029015, 7, 8, 0.8120901159695482, 0.7629982692845708, 0.1715265479150182, 0.9219985464586472, 0.1088361376693272]
4, 6, (97.0, 1777.573148148148, 1570.0122807017544), [0.8027750050953106, 0.05601299496893375, 0.10354946738182835, 7, 8, 0.8120901159695482, 0.7629982692845708, 0.30354855988257434, 0.19495755962799532, 0.5887392150563108]
4, 7, (95.0, 1740.3894736842103, 1659.1982456140352), [0.5829479249368014, 0.9877026823120533, 0.13155344034029015, 7, 1, 0.9355247482319796, 0.4747359791681147, 0.1715265479150182, 0.10195739755846056, 0.1088361376693272]
4, 8, (94.5, 1788.8271929824566, 1617.7359649122805), [0.5829479249368014, 0.9877026823120533, 0.13155344034029015, 6, 11, 0.8120901159695482, 0.27917097040196936, 0.927096473207651, 0.9022835418992459, 0.1088361376693272]
4, 9, (94.5, 1897.65350877193, 1541.3184210526317), [0.5829479249368014, 0.05601299496893375, 0.894517930570392, 6, 11, 0.6559255533683115, 0.27917097040196936, 0.1715265479150182, 0.9022835418992459, 0.5887392150563108]
5, 0, (104.0, 1697.6701754385963, 1697.7473684210527), [0.6403967154074145, 0.9877026823120533, 0.13155344034029015, 6, 12, 0.8204360324629584, 0.1655479827180566, 0.1715265479150182, 0.9022835418992459, 0.1088361376693272]
5, 1, (102.0, 1657.0547619047618, 1676.75), [0.5450088306184273, 0.9877026823120533, 0.13155344034029015, 2, 1, 0.9355247482319796, 0.4747359791681147, 0.1715265479150182, 0.10195739755846056, 0.1088361376693272]
5, 2, (100.5, 1633.575, 1756.1931372549018), [0.5829479249368014, 0.05601299496893375, 0.13155344034029015, 6, 11, 0.5510243453401986, 0.27917097040196936, 0.1715265479150182, 0.9022835418992459, 0.5887392150563108]
5, 3, (99.0, 1707.6605263157894, 1667.7947368421053), [0.6403967154074145, 0.9877026823120533, 0.13155344034029015, 2, 12, 0.7132044454310345, 0.27917097040196936, 0.1715265479150182, 0.9022835418992459, 0.1088361376693272]
5, 4, (98.0, 1622.69335839599, 1635.3745614035088), [0.5829479249368014, 0.9877026823120533, 0.13155344034029015, 7, 1, 0.9355247482319796, 0.4747359791681147, 0.1715265479150182, 0.10195739755846056, 0.1088361376693272]
5, 5, (97.0, 1585.3798245614034, 1644.7578947368422), [0.5829479249368014, 0.9877026823120533, 0.7655571636409728, 6, 11, 0.8204360324629584, 0.8541890365193386, 0.1715265479150182, 0.9022835418992459, 0.5887392150563108]
5, 6, (97.0, 1625.8552631578948, 1653.221052631579), [0.6403967154074145, 0.2719195738343855, 0.13155344034029015, 2, 12, 0.7132044454310345, 0.20740738070003018, 0.1715265479150182, 0.9219985464586472, 0.7518125149868073]
5, 7, (96.0, 1698.1043859649124, 1584.709649122807), [0.5829479249368014, 0.05601299496893375, 0.894517930570392, 6, 11, 0.6559255533683115, 0.27917097040196936, 0.1715265479150182, 0.9022835418992459, 0.5887392150563108]
5, 8, (96.0, 1701.3333333333337, 1616.7070175438596), [0.5829479249368014, 0.5715836828246603, 0.7510604649210741, 2, 6, 0.7132044454310345, 0.8541890365193386, 0.1715265479150182, 0.9219985464586472, 0.1088361376693272]
5, 9, (96.0, 1713.1517543859652, 1695.8918546365912), [0.5829479249368014, 0.9877026823120533, 0.13155344034029015, 6, 11, 0.8120901159695482, 0.27917097040196936, 0.927096473207651, 0.9022835418992459, 0.1088361376693272]
6, 0, (104.5, 1743.5008771929827, 1634.2026315789474), [0.5450088306184273, 0.05601299496893375, 0.13155344034029015, 2, 1, 0.9521107281572855, 0.9259213591781352, 0.1715265479150182, 0.9022835418992459, 0.5887392150563108]
6, 1, (102.0, 1858.8008771929824, 1648.1087719298248), [0.5829479249368014, 0.05601299496893375, 0.13155344034029015, 6, 11, 0.5510243453401986, 0.27917097040196936, 0.1715265479150182, 0.9022835418992459, 0.5887392150563108]
6, 2, (101.5, 1705.8588972431078, 1698.201754385965), [0.5829479249368014, 0.9877026823120533, 0.13155344034029015, 8, 1, 0.9355247482319796, 0.4747359791681147, 0.1715265479150182, 0.10195739755846056, 0.1088361376693272]
6, 3, (99.0, 1745.478947368421, 1704.0195488721804), [0.6403967154074145, 0.2719195738343855, 0.13155344034029015, 2, 12, 0.7132044454310345, 0.20740738070003018, 0.1715265479150182, 0.9219985464586472, 0.7518125149868073]
6, 4, (98.0, 1633.1140350877195, 1846.7938596491229), [0.5829479249368014, 0.9877026823120533, 0.7655571636409728, 6, 11, 0.8204360324629584, 0.8541890365193386, 0.1715265479150182, 0.9022835418992459, 0.5887392150563108]
6, 5, (98.0, 1692.134837092732, 1668.7859649122806), [0.5829479249368014, 0.9877026823120533, 0.7655571636409728, 6, 11, 0.8204360324629584, 0.8541890365193386, 0.1715265479150182, 0.9022835418992459, 0.5887392150563108]
6, 6, (97.5, 1753.9105263157896, 1587.4175438596494), [0.5829479249368014, 0.9877026823120533, 0.08704942018466633, 7, 1, 0.9355247482319796, 0.4747359791681147, 0.6424496963829689, 0.10195739755846056, 0.1088361376693272]
6, 7, (97.0, 1683.7850877192982, 1758.217543859649), [0.5829479249368014, 0.9877026823120533, 0.13155344034029015, 6, 11, 0.8120901159695482, 0.27917097040196936, 0.927096473207651, 0.9022835418992459, 0.1088361376693272]
6, 8, (96.0, 1669.4114035087719, 1841.1254385964912), [0.5829479249368014, 0.9877026823120533, 0.13155344034029015, 2, 6, 0.9355247482319796, 0.8541890365193386, 0.1715265479150182, 0.10195739755846056, 0.1088361376693272]
6, 9, (96.0, 1708.642105263158, 1694.7615288220552), [0.5829479249368014, 0.9877026823120533, 0.13155344034029015, 8, 11, 0.9355247482319796, 0.27917097040196936, 0.1715265479150182, 0.10195739755846056, 0.1088361376693272]
7, 0, (103.5, 1697.8026455026456, 1664.1274436090225), [0.0545001790446914, 0.2719195738343855, 0.13155344034029015, 7, 12, 0.9355247482319796, 0.4747359791681147, 0.1715265479150182, 0.10195739755846056, 0.9567236603521566]
7, 1, (103.0, 1792.388095238095, 1797.9333333333336), [0.5450088306184273, 0.05601299496893375, 0.13155344034029015, 2, 1, 0.9521107281572855, 0.9259213591781352, 0.1715265479150182, 0.9022835418992459, 0.5887392150563108]
7, 2, (102.5, 1548.7491228070176, 1866.7043859649125), [0.5450088306184273, 0.05601299496893375, 0.13155344034029015, 2, 1, 0.9521107281572855, 0.9259213591781352, 0.1715265479150182, 0.9022835418992459, 0.5887392150563108]
7, 3, (100.0, 1595.2157894736845, 1690.4498746867168), [0.5829479249368014, 0.9877026823120533, 0.7655571636409728, 6, 11, 0.8204360324629584, 0.8541890365193386, 0.1715265479150182, 0.9022835418992459, 0.5887392150563108]
7, 4, (98.5, 1637.144298245614, 1889.3287037037035), [0.5829479249368014, 0.05601299496893375, 0.13155344034029015, 6, 11, 0.5510243453401986, 0.27917097040196936, 0.1715265479150182, 0.9022835418992459, 0.5887392150563108]
7, 5, (98.5, 1664.7413533834588, 1758.7466931216932), [0.5829479249368014, 0.9877026823120533, 0.13155344034029015, 8, 1, 0.9355247482319796, 0.4747359791681147, 0.1715265479150182, 0.10195739755846056, 0.1088361376693272]
7, 6, (98.5, 1669.9606516290726, 1731.456862745098), [0.5829479249368014, 0.9877026823120533, 0.13155344034029015, 2, 6, 0.9355247482319796, 0.8541890365193386, 0.1715265479150182, 0.10195739755846056, 0.1088361376693272]
7, 7, (98.0, 1763.5437343358396, 1720.2587719298247), [0.5829479249368014, 0.9877026823120533, 0.7655571636409728, 6, 11, 0.8204360324629584, 0.8541890365193386, 0.1715265479150182, 0.9022835418992459, 0.5887392150563108]
7, 8, (96.0, 1736.0574074074073, 1692.0149122807018), [0.5829479249368014, 0.9877026823120533, 0.13155344034029015, 6, 11, 0.8120901159695482, 0.27917097040196936, 0.927096473207651, 0.9022835418992459, 0.1088361376693272]
7, 9, (95.0, 1679.2798245614035, 1711.1219298245614), [0.6403967154074145, 0.9877026823120533, 0.08704942018466633, 2, 1, 0.7132044454310345, 0.20740738070003018, 0.6424496963829689, 0.9219985464586472, 0.1088361376693272]
8, 0, (102.5, 1685.8701754385966, 1615.2894736842106), [0.5450088306184273, 0.05601299496893375, 0.13155344034029015, 9, 1, 0.9521107281572855, 0.9259213591781352, 0.1715265479150182, 0.9022835418992459, 0.5887392150563108]
8, 1, (101.5, 1660.2160401002504, 1750.235964912281), [0.0545001790446914, 0.2719195738343855, 0.13155344034029015, 7, 12, 0.9355247482319796, 0.4747359791681147, 0.1715265479150182, 0.10195739755846056, 0.9567236603521566]
8, 2, (101.5, 1719.8052631578946, 1675.6719298245616), [0.5829479249368014, 0.05601299496893375, 0.13155344034029015, 2, 1, 0.9521107281572855, 0.4747359791681147, 0.1715265479150182, 0.9022835418992459, 0.5887392150563108]
8, 3, (101.0, 1735.127192982456, 1690.9149122807019), [0.5829479249368014, 0.6928388854200602, 0.13155344034029015, 8, 12, 0.9355247482319796, 0.3272498455733589, 0.1715265479150182, 0.592890983873833, 0.1088361376693272]
8, 4, (99.5, 1584.0042606516292, 1799.8824074074075), [0.5450088306184273, 0.05601299496893375, 0.13155344034029015, 2, 1, 0.9521107281572855, 0.9259213591781352, 0.1715265479150182, 0.9022835418992459, 0.5887392150563108]
8, 5, (99.5, 1743.1532581453632, 1733.6771929824563), [0.5829479249368014, 0.9877026823120533, 0.7655571636409728, 6, 11, 0.8204360324629584, 0.8541890365193386, 0.1715265479150182, 0.9022835418992459, 0.5887392150563108]
8, 6, (97.5, 1746.836215538847, 1559.5763157894735), [0.5829479249368014, 0.05601299496893375, 0.13155344034029015, 6, 11, 0.5510243453401986, 0.27917097040196936, 0.1715265479150182, 0.9022835418992459, 0.5887392150563108]
8, 7, (97.5, 1778.8780701754386, 1631.0956140350877), [0.5829479249368014, 0.2719195738343855, 0.13155344034029015, 7, 12, 0.5510243453401986, 0.6793397673748927, 0.7342595013721206, 0.9022835418992459, 0.9119271272136058]
8, 8, (96.5, 1653.4114035087719, 1812.967543859649), [0.07046804018894237, 0.05601299496893375, 0.13155344034029015, 2, 1, 0.9521107281572855, 0.9259213591781352, 0.1715265479150182, 0.9022835418992459, 0.5887392150563108]
8, 9, (96.0, 1741.1601851851851, 1611.9098997493736), [0.6403967154074145, 0.9877026823120533, 0.08704942018466633, 2, 1, 0.7132044454310345, 0.20740738070003018, 0.6424496963829689, 0.9219985464586472, 0.1088361376693272]
9, 0, (110.0, 1624.3820175438598, 1805.425925925926), [0.07046804018894237, 0.05601299496893375, 0.2591076504777641, 2, 1, 0.9521107281572855, 0.9259213591781352, 0.1715265479150182, 0.9022835418992459, 0.5887392150563108]
9, 1, (103.5, 1681.4559523809523, 1846.1109649122805), [0.5450088306184273, 0.05601299496893375, 0.13155344034029015, 2, 1, 0.9521107281572855, 0.9259213591781352, 0.1715265479150182, 0.9022835418992459, 0.5887392150563108]
9, 2, (102.0, 1724.7649122807013, 1797.130701754386), [0.5829479249368014, 0.2719195738343855, 0.13155344034029015, 7, 12, 0.5510243453401986, 0.6793397673748927, 0.7342595013721206, 0.9022835418992459, 0.9119271272136058]
9, 3, (101.5, 1715.9289473684214, 1766.2087719298245), [0.5829479249368014, 0.05601299496893375, 0.13155344034029015, 6, 11, 0.5510243453401986, 0.27917097040196936, 0.1715265479150182, 0.9022835418992459, 0.5887392150563108]
9, 4, (101.0, 1628.7679824561403, 1756.013888888889), [0.3400354079125778, 0.7922682769173592, 0.13155344034029015, 2, 1, 0.9521107281572855, 0.133586970600018, 0.1715265479150182, 0.9022835418992459, 0.5887392150563108]
9, 5, (100.0, 1719.85, 1684.6859649122807), [0.0545001790446914, 0.2719195738343855, 0.13155344034029015, 7, 12, 0.9355247482319796, 0.4747359791681147, 0.1715265479150182, 0.10195739755846056, 0.9567236603521566]
9, 6, (99.0, 1801.2636591478697, 1580.2824561403509), [0.5450088306184273, 0.05601299496893375, 0.13155344034029015, 9, 1, 0.9521107281572855, 0.9259213591781352, 0.1715265479150182, 0.9022835418992459, 0.5887392150563108]
9, 7, (98.0, 1713.6412280701752, 1698.548245614035), [0.07046804018894237, 0.05601299496893375, 0.13155344034029015, 2, 1, 0.9521107281572855, 0.9259213591781352, 0.1715265479150182, 0.9022835418992459, 0.5887392150563108]
9, 8, (98.0, 1784.7412280701756, 1736.363157894737), [0.5829479249368014, 0.05601299496893375, 0.13155344034029015, 8, 12, 0.9521107281572855, 0.4747359791681147, 0.1715265479150182, 0.9022835418992459, 0.5887392150563108]
9, 9, (97.5, 1705.3543859649124, 1681.1780701754385), [0.5450088306184273, 0.05601299496893375, 0.13155344034029015, 9, 1, 0.9521107281572855, 0.9259213591781352, 0.1715265479150182, 0.9022835418992459, 0.5887392150563108]
10, 0, (105.5, 1724.0489974937343, 1669.6640350877192), [0.5829479249368014, 0.05601299496893375, 0.13155344034029015, 7, 12, 0.9521107281572855, 0.9259213591781352, 0.3472770825302759, 0.10199747698757888, 0.9119271272136058]
10, 1, (103.5, 1705.54335839599, 1608.721052631579), [0.5829479249368014, 0.2719195738343855, 0.13155344034029015, 7, 12, 0.5510243453401986, 0.6793397673748927, 0.7342595013721206, 0.9022835418992459, 0.9119271272136058]
10, 2, (103.5, 1767.8654135338347, 1778.5728070175442), [0.5829479249368014, 0.05601299496893375, 0.6280274090697955, 2, 1, 0.5510243453401986, 0.9259213591781352, 0.1715265479150182, 0.9022835418992459, 0.9119271272136058]
10, 3, (102.0, 1694.0243107769427, 1804.9517543859654), [0.07046804018894237, 0.05601299496893375, 0.13155344034029015, 5, 3, 0.9521107281572855, 0.1820584975532249, 0.1715265479150182, 0.9022835418992459, 0.04641996501224144]
10, 4, (102.0, 1722.7359649122807, 1733.871052631579), [0.5450088306184273, 0.05601299496893375, 0.13155344034029015, 8, 1, 0.9521107281572855, 0.9259213591781352, 0.1715265479150182, 0.9022835418992459, 0.5887392150563108]
10, 5, (99.5, 1662.1096491228072, 1731.3254385964913), [0.6958978679883298, 0.229549586992979, 0.2591076504777641, 7, 1, 0.9521107281572855, 0.1449193040369483, 0.1715265479150182, 0.9022835418992459, 0.5887392150563108]
10, 6, (99.0, 1646.700438596491, 1753.1518518518517), [0.07046804018894237, 0.05601299496893375, 0.2591076504777641, 2, 1, 0.9521107281572855, 0.9259213591781352, 0.1715265479150182, 0.9022835418992459, 0.5887392150563108]
10, 7, (98.5, 1610.8456140350875, 1665.8815789473686), [0.3400354079125778, 0.7922682769173592, 0.13155344034029015, 2, 1, 0.9521107281572855, 0.133586970600018, 0.1715265479150182, 0.9022835418992459, 0.5887392150563108]
10, 8, (96.5, 1769.991228070175, 1633.0586466165414), [0.5450088306184273, 0.2719195738343855, 0.7930181831304065, 2, 1, 0.5510243453401986, 0.6793397673748927, 0.1715265479150182, 0.49428982657098663, 0.5887392150563108]
10, 9, (96.0, 1787.144110275689, 1746.2287037037038), [0.5450088306184273, 0.05601299496893375, 0.13155344034029015, 9, 1, 0.9521107281572855, 0.9259213591781352, 0.1715265479150182, 0.9022835418992459, 0.5887392150563108]
11, 0, (104.0, 1650.5928571428574, 1774.7491228070178), [0.5829479249368014, 0.2719195738343855, 0.13155344034029015, 7, 12, 0.5510243453401986, 0.6793397673748927, 0.7342595013721206, 0.9022835418992459, 0.9119271272136058]
11, 1, (104.0, 1709.4956140350878, 1721.8657894736841), [0.5829479249368014, 0.05601299496893375, 0.13155344034029015, 8, 1, 0.5510243453401986, 0.9259213591781352, 0.1715265479150182, 0.9022835418992459, 0.9119271272136058]
11, 2, (101.5, 1703.8394736842106, 1648.5912280701757), [0.5829479249368014, 0.7922682769173592, 0.13155344034029015, 2, 1, 0.9521107281572855, 0.133586970600018, 0.3472770825302759, 0.7268591364221778, 0.9119271272136058]
11, 3, (101.5, 1756.781328320802, 1751.4535087719298), [0.3400354079125778, 0.7922682769173592, 0.13155344034029015, 2, 1, 0.9521107281572855, 0.133586970600018, 0.1715265479150182, 0.9022835418992459, 0.5887392150563108]
11, 4, (98.0, 1668.6947368421054, 1730.9780701754387), [0.8633552892361898, 0.05601299496893375, 0.13155344034029015, 5, 12, 0.9521107281572855, 0.9259213591781352, 0.7873610095229896, 0.9022835418992459, 0.7829251815350659]
11, 5, (98.0, 1780.498370927318, 1825.1280701754386), [0.3400354079125778, 0.05601299496893375, 0.13155344034029015, 7, 12, 0.9870332236662259, 0.9259213591781352, 0.1715265479150182, 0.13952162577322447, 0.5887392150563108]
11, 6, (97.5, 1774.9333333333336, 1730.693859649123), [0.6958978679883298, 0.229549586992979, 0.2591076504777641, 7, 1, 0.9521107281572855, 0.1449193040369483, 0.1715265479150182, 0.9022835418992459, 0.5887392150563108]
11, 7, (96.5, 1685.5745614035088, 1642.338596491228), [0.5450088306184273, 0.2719195738343855, 0.7930181831304065, 2, 1, 0.5510243453401986, 0.6793397673748927, 0.1715265479150182, 0.49428982657098663, 0.5887392150563108]
11, 8, (96.5, 1806.1169172932332, 1733.5017543859653), [0.5450088306184273, 0.4688221734428819, 0.6280274090697955, 2, 1, 0.9521107281572855, 0.9259213591781352, 0.1715265479150182, 0.9022835418992459, 0.5887392150563108]
11, 9, (95.5, 1834.1829573934833, 1684.3096491228068), [0.07046804018894237, 0.05601299496893375, 0.2591076504777641, 2, 1, 0.9521107281572855, 0.9259213591781352, 0.1715265479150182, 0.9022835418992459, 0.5887392150563108]
12, 0, (107.5, 1741.861654135338, 1601.8277777777778), [0.6958978679883298, 0.7922682769173592, 0.2591076504777641, 7, 1, 0.5435060748757171, 0.133586970600018, 0.3472770825302759, 0.68898035014846, 0.5887392150563108]
12, 1, (106.0, 1761.705889724311, 1788.2194444444442), [0.9335965820204454, 0.05601299496893375, 0.13155344034029015, 8, 12, 0.5510243453401986, 0.4941070289377598, 0.4962674171671474, 0.9022835418992459, 0.9119271272136058]
12, 2, (104.0, 1769.0977443609024, 1691.0898148148146), [0.5450088306184273, 0.2719195738343855, 0.13155344034029015, 2, 1, 0.5510243453401986, 0.9259213591781352, 0.1715265479150182, 0.9022835418992459, 0.9119271272136058]
12, 3, (102.5, 1680.275313283208, 1610.980701754386), [0.3400354079125778, 0.05601299496893375, 0.13155344034029015, 7, 12, 0.9870332236662259, 0.9259213591781352, 0.1715265479150182, 0.13952162577322447, 0.5887392150563108]
12, 4, (101.5, 1744.932581453634, 1578.2894736842106), [0.5450088306184273, 0.4688221734428819, 0.6280274090697955, 2, 1, 0.9521107281572855, 0.591018331327469, 0.1715265479150182, 0.9022835418992459, 0.5887392150563108]
12, 5, (99.5, 1609.4533834586466, 1833.6888888888886), [0.07046804018894237, 0.05601299496893375, 0.2591076504777641, 2, 1, 0.9521107281572855, 0.9259213591781352, 0.1715265479150182, 0.9022835418992459, 0.5887392150563108]
12, 6, (99.5, 1715.1333333333334, 1611.3605263157895), [0.5829479249368014, 0.229549586992979, 0.13155344034029015, 2, 1, 0.6993561236690559, 0.1449193040369483, 0.1715265479150182, 0.9022835418992459, 0.9119271272136058]
12, 7, (97.5, 1565.9070175438594, 1849.1790726817042), [0.5829479249368014, 0.7922682769173592, 0.13155344034029015, 2, 1, 0.9521107281572855, 0.133586970600018, 0.3472770825302759, 0.7268591364221778, 0.9119271272136058]
12, 8, (97.5, 1676.069298245614, 1692.8087719298246), [0.8503739968793722, 0.05601299496893375, 0.7930181831304065, 8, 1, 0.5510243453401986, 0.5423370310046782, 0.5572200643603465, 0.49428982657098663, 0.5887392150563108]
12, 9, (97.5, 1714.2087719298245, 1825.8270676691727), [0.5829479249368014, 0.05601299496893375, 0.13155344034029015, 8, 1, 0.5510243453401986, 0.9259213591781352, 0.1715265479150182, 0.9022835418992459, 0.9119271272136058]
13, 0, (103.5, 1743.7043859649125, 1812.377192982456), [0.3400354079125778, 0.05601299496893375, 0.13155344034029015, 7, 12, 0.9870332236662259, 0.9259213591781352, 0.1715265479150182, 0.13952162577322447, 0.5887392150563108]
13, 1, (103.0, 1650.0838345864663, 1794.6250000000002), [0.5829479249368014, 0.05601299496893375, 0.13155344034029015, 8, 1, 0.5510243453401986, 0.9259213591781352, 0.1715265479150182, 0.9022835418992459, 0.9119271272136058]
13, 2, (101.0, 1710.5916666666667, 1660.1190476190477), [0.6958978679883298, 0.7922682769173592, 0.2591076504777641, 7, 1, 0.5435060748757171, 0.133586970600018, 0.3472770825302759, 0.68898035014846, 0.5887392150563108]
13, 3, (99.5, 1861.5936090225564, 1685.890740740741), [0.07046804018894237, 0.05601299496893375, 0.2591076504777641, 2, 1, 0.9521107281572855, 0.9259213591781352, 0.1715265479150182, 0.9022835418992459, 0.5887392150563108]
13, 4, (98.5, 1797.6833333333336, 1693.5956140350877), [0.5829479249368014, 0.7922682769173592, 0.13155344034029015, 2, 1, 0.9521107281572855, 0.133586970600018, 0.3472770825302759, 0.7268591364221778, 0.9119271272136058]
13, 5, (98.0, 1570.578947368421, 1794.9775689223054), [0.5450088306184273, 0.4688221734428819, 0.6280274090697955, 2, 1, 0.9521107281572855, 0.591018331327469, 0.1715265479150182, 0.9022835418992459, 0.5887392150563108]
13, 6, (98.0, 1689.101754385965, 1733.4070175438594), [0.9335965820204454, 0.05601299496893375, 0.13155344034029015, 8, 12, 0.5510243453401986, 0.4941070289377598, 0.4962674171671474, 0.9022835418992459, 0.9119271272136058]
13, 7, (98.0, 1737.7192982456143, 1673.7798245614033), [0.5829479249368014, 0.229549586992979, 0.13155344034029015, 2, 1, 0.6993561236690559, 0.1449193040369483, 0.1715265479150182, 0.9022835418992459, 0.9119271272136058]
13, 8, (97.0, 1765.5982456140352, 1669.7885964912282), [0.07046804018894237, 0.5583407499619495, 0.2591076504777641, 2, 1, 0.5435060748757171, 0.133586970600018, 0.1715265479150182, 0.68898035014846, 0.5887392150563108]
13, 9, (96.0, 1760.762656641604, 1672.2859649122809), [0.6267161465782979, 0.7600614991300395, 0.10819116667356565, 7, 1, 0.9521107281572855, 0.9259213591781352, 0.3472770825302759, 0.9022835418992459, 0.5887392150563108]
14, 0, (103.5, 1719.7780701754386, 1617.7973684210526), [0.07046804018894237, 0.05601299496893375, 0.2591076504777641, 2, 1, 0.9521107281572855, 0.9259213591781352, 0.1715265479150182, 0.9022835418992459, 0.5887392150563108]
14, 1, (102.0, 1727.0233082706768, 1714.997368421053), [0.6958978679883298, 0.7922682769173592, 0.2591076504777641, 7, 1, 0.5435060748757171, 0.133586970600018, 0.3472770825302759, 0.68898035014846, 0.5887392150563108]
14, 2, (100.5, 1686.5640350877195, 1578.9026315789474), [0.3400354079125778, 0.05601299496893375, 0.13155344034029015, 7, 12, 0.9870332236662259, 0.9259213591781352, 0.1715265479150182, 0.13952162577322447, 0.5887392150563108]
14, 3, (100.5, 1701.6798245614034, 1716.8107142857143), [0.5829479249368014, 0.7922682769173592, 0.13155344034029015, 2, 1, 0.9521107281572855, 0.133586970600018, 0.3472770825302759, 0.7268591364221778, 0.9119271272136058]
14, 4, (100.0, 1599.9070175438599, 1767.227192982456), [0.07046804018894237, 0.5583407499619495, 0.2591076504777641, 2, 1, 0.5435060748757171, 0.133586970600018, 0.1715265479150182, 0.68898035014846, 0.5887392150563108]
14, 5, (98.5, 1677.5815789473684, 1671.2500000000002), [0.5829479249368014, 0.229549586992979, 0.13155344034029015, 2, 1, 0.6993561236690559, 0.1449193040369483, 0.1715265479150182, 0.9022835418992459, 0.9119271272136058]
14, 6, (98.5, 1699.986842105263, 1707.4412280701756), [0.5450088306184273, 0.4688221734428819, 0.6280274090697955, 2, 1, 0.9521107281572855, 0.591018331327469, 0.1715265479150182, 0.9022835418992459, 0.5887392150563108]
14, 7, (98.5, 1849.9718045112777, 1685.2953703703704), [0.7813705957989321, 0.229549586992979, 0.13155344034029015, 4, 1, 0.9870332236662259, 0.49578591750031786, 0.1715265479150182, 0.9022835418992459, 0.5887392150563108]
14, 8, (97.5, 1637.9725563909774, 1635.430701754386), [0.5829479249368014, 0.05601299496893375, 0.13155344034029015, 2, 12, 0.5510243453401986, 0.9259213591781352, 0.1715265479150182, 0.6717629060653609, 0.9119271272136058]
14, 9, (97.5, 1685.3266917293233, 1739.3435185185183), [0.6958978679883298, 0.7922682769173592, 0.2591076504777641, 7, 1, 0.5435060748757171, 0.133586970600018, 0.3472770825302759, 0.68898035014846, 0.5887392150563108]
15, 0, (106.5, 1637.4931077694234, 1788.7394736842107), [0.7813705957989321, 0.5984659531764772, 0.2591076504777641, 4, 1, 0.5435060748757171, 0.49578591750031786, 0.3472770825302759, 0.6875905673474331, 0.5887392150563108]
15, 1, (101.0, 1806.14298245614, 1812.5489974937345), [0.6958978679883298, 0.7922682769173592, 0.2591076504777641, 7, 1, 0.5435060748757171, 0.133586970600018, 0.3472770825302759, 0.68898035014846, 0.5887392150563108]
15, 2, (99.5, 1733.2236842105262, 1797.328947368421), [0.3400354079125778, 0.05601299496893375, 0.13155344034029015, 7, 12, 0.9870332236662259, 0.9259213591781352, 0.1715265479150182, 0.13952162577322447, 0.5887392150563108]
15, 3, (99.0, 1718.9535087719298, 1665.5807017543862), [0.6958978679883298, 0.229549586992979, 0.13155344034029015, 7, 1, 0.9870332236662259, 0.133586970600018, 0.1715265479150182, 0.68898035014846, 0.5887392150563108]
15, 4, (99.0, 1820.63984962406, 1734.801754385965), [0.07046804018894237, 0.05601299496893375, 0.2591076504777641, 2, 1, 0.9521107281572855, 0.9259213591781352, 0.1715265479150182, 0.9022835418992459, 0.5887392150563108]
15, 5, (98.5, 1586.5850877192984, 1733.585087719298), [0.07046804018894237, 0.5583407499619495, 0.2591076504777641, 2, 1, 0.5435060748757171, 0.133586970600018, 0.1715265479150182, 0.68898035014846, 0.5887392150563108]
15, 6, (98.0, 1757.3026315789473, 1570.2701754385967), [0.6958978679883298, 0.7922682769173592, 0.2591076504777641, 2, 1, 0.9521107281572855, 0.133586970600018, 0.3472770825302759, 0.7268591364221778, 0.289431459441844]
15, 7, (97.0, 1744.987468671679, 1601.4026315789474), [0.5829479249368014, 0.229549586992979, 0.13155344034029015, 2, 1, 0.6993561236690559, 0.1449193040369483, 0.1715265479150182, 0.9022835418992459, 0.9119271272136058]
15, 8, (96.5, 1765.3000000000002, 1711.8719298245614), [0.6958978679883298, 0.7922682769173592, 0.2591076504777641, 7, 9, 0.5435060748757171, 0.9259213591781352, 0.3472770825302759, 0.68898035014846, 0.5887392150563108]
15, 9, (95.5, 1607.842105263158, 1685.9456140350878), [0.5829479249368014, 0.7922682769173592, 0.13155344034029015, 2, 1, 0.9521107281572855, 0.133586970600018, 0.3472770825302759, 0.7268591364221778, 0.9119271272136058]
16, 0, (108.0, 1660.0912280701752, 1675.8464912280701), [0.6958978679883298, 0.6472475326564209, 0.13155344034029015, 7, 12, 0.2582466797787133, 0.133586970600018, 0.3472770825302759, 0.68898035014846, 0.5887392150563108]
16, 1, (103.0, 1629.3087719298246, 1773.448245614035), [0.5829479249368014, 0.7922682769173592, 0.13155344034029015, 2, 1, 0.9521107281572855, 0.133586970600018, 0.3472770825302759, 0.7268591364221778, 0.9119271272136058]
16, 2, (99.5, 1794.1894736842105, 1680.0307017543857), [0.3400354079125778, 0.05601299496893375, 0.13155344034029015, 7, 1, 0.22040505236833152, 0.1449193040369483, 0.1715265479150182, 0.13952162577322447, 0.9119271272136058]
16, 3, (98.5, 1569.7578947368422, 1911.5122807017542), [0.07046804018894237, 0.05601299496893375, 0.2591076504777641, 2, 1, 0.9521107281572855, 0.9259213591781352, 0.1715265479150182, 0.9022835418992459, 0.5887392150563108]
16, 4, (98.0, 1769.7219298245614, 1704.2368421052631), [0.6958978679883298, 0.7922682769173592, 0.2591076504777641, 2, 1, 0.9521107281572855, 0.133586970600018, 0.3472770825302759, 0.7268591364221778, 0.289431459441844]
16, 5, (98.0, 1833.5824561403508, 1844.5736842105264), [0.6001196442863899, 0.7922682769173592, 0.6012810807128632, 7, 1, 0.9870332236662259, 0.7141148052223897, 0.1715265479150182, 0.13952162577322447, 0.5887392150563108]
16, 6, (97.5, 1573.6568922305762, 1851.4263157894736), [0.6958978679883298, 0.229549586992979, 0.13155344034029015, 7, 1, 0.9870332236662259, 0.133586970600018, 0.1715265479150182, 0.68898035014846, 0.5887392150563108]
16, 7, (97.5, 1626.0046365914789, 1860.5105263157893), [0.07046804018894237, 0.5583407499619495, 0.2591076504777641, 2, 1, 0.5435060748757171, 0.133586970600018, 0.1715265479150182, 0.68898035014846, 0.5887392150563108]
16, 8, (97.5, 1827.9732456140352, 1638.478431372549), [0.3400354079125778, 0.05601299496893375, 0.13155344034029015, 7, 12, 0.9870332236662259, 0.9259213591781352, 0.1715265479150182, 0.13952162577322447, 0.5887392150563108]
16, 9, (96.5, 1750.3149122807015, 1658.1763157894736), [0.7813705957989321, 0.5984659531764772, 0.2591076504777641, 4, 1, 0.5435060748757171, 0.49578591750031786, 0.3472770825302759, 0.6875905673474331, 0.5887392150563108]
17, 0, (107.0, 1699.7660401002506, 1678.5298245614038), [0.10379638473423825, 0.05601299496893375, 0.13155344034029015, 4, 1, 0.22040505236833152, 0.133586970600018, 0.1715265479150182, 0.7268591364221778, 0.9119271272136058]
17, 1, (105.5, 1644.1315789473683, 1693.7622807017544), [0.5829479249368014, 0.7647359091466602, 0.13155344034029015, 2, 1, 0.9521107281572855, 0.133586970600018, 0.3472770825302759, 0.7268591364221778, 0.9119271272136058]
17, 2, (102.0, 1618.819298245614, 1736.2692982456142), [0.6001196442863899, 0.7922682769173592, 0.2591076504777641, 2, 1, 0.9521107281572855, 0.31956753985099884, 0.1715265479150182, 0.7268591364221778, 0.289431459441844]
17, 3, (100.5, 1601.8175438596493, 1772.7070175438596), [0.6958978679883298, 0.229549586992979, 0.13155344034029015, 7, 1, 0.9870332236662259, 0.133586970600018, 0.1715265479150182, 0.68898035014846, 0.5887392150563108]
17, 4, (100.5, 1672.3394736842104, 1737.2222222222224), [0.6958978679883298, 0.7922682769173592, 0.2591076504777641, 2, 1, 0.9521107281572855, 0.133586970600018, 0.3472770825302759, 0.7268591364221778, 0.289431459441844]
17, 5, (100.5, 1700.8087719298246, 1705.7008771929825), [0.5829479249368014, 0.7922682769173592, 0.13155344034029015, 2, 1, 0.9521107281572855, 0.133586970600018, 0.3472770825302759, 0.7268591364221778, 0.9119271272136058]
17, 6, (98.5, 1673.9228070175438, 1701.1148148148145), [0.6001196442863899, 0.7922682769173592, 0.6012810807128632, 7, 1, 0.9870332236662259, 0.7141148052223897, 0.1715265479150182, 0.13952162577322447, 0.5887392150563108]
17, 7, (98.5, 1811.0175925925926, 1733.2414021164022), [0.07046804018894237, 0.5583407499619495, 0.2591076504777641, 2, 1, 0.5435060748757171, 0.133586970600018, 0.1715265479150182, 0.68898035014846, 0.5887392150563108]
17, 8, (97.0, 1927.0708020050124, 1529.6546296296294), [0.07046804018894237, 0.05601299496893375, 0.2591076504777641, 2, 1, 0.9521107281572855, 0.9259213591781352, 0.1715265479150182, 0.9022835418992459, 0.5887392150563108]
17, 9, (95.5, 1800.0976851851851, 1571.893253968254), [0.3400354079125778, 0.05601299496893375, 0.13155344034029015, 7, 12, 0.9870332236662259, 0.9259213591781352, 0.1715265479150182, 0.13952162577322447, 0.5887392150563108]
18, 0, (107.0, 1685.4798245614033, 1733.4561403508771), [0.012980262164823952, 0.05601299496893375, 0.6746871825334975, 2, 1, 0.8888621887193264, 0.133586970600018, 0.3472770825302759, 0.7268591364221778, 0.9119271272136058]
18, 1, (105.0, 1736.847493734336, 1671.5596491228068), [0.07046804018894237, 0.05601299496893375, 0.2591076504777641, 2, 1, 0.9521107281572855, 0.9259213591781352, 0.1715265479150182, 0.9022835418992459, 0.5887392150563108]
18, 2, (103.0, 1679.5807017543862, 1721.314912280702), [0.07046804018894237, 0.5583407499619495, 0.2591076504777641, 2, 1, 0.5435060748757171, 0.133586970600018, 0.1715265479150182, 0.68898035014846, 0.5887392150563108]
18, 3, (102.5, 1640.3333333333335, 1530.175), [0.6958978679883298, 0.229549586992979, 0.13155344034029015, 7, 1, 0.9870332236662259, 0.133586970600018, 0.21641557904317987, 0.68898035014846, 0.5887392150563108]
18, 4, (102.5, 1704.999074074074, 1719.5833333333333), [0.10379638473423825, 0.05601299496893375, 0.13155344034029015, 2, 1, 0.9521107281572855, 0.9259213591781352, 0.1715265479150182, 0.9022835418992459, 0.9119271272136058]
18, 5, (100.0, 1719.2022556390978, 1635.232456140351), [0.6001196442863899, 0.7922682769173592, 0.2591076504777641, 2, 1, 0.9521107281572855, 0.31956753985099884, 0.1715265479150182, 0.7268591364221778, 0.289431459441844]
18, 6, (99.0, 1758.180701754386, 1617.4605263157896), [0.3400354079125778, 0.05601299496893375, 0.13155344034029015, 7, 12, 0.9870332236662259, 0.9259213591781352, 0.1715265479150182, 0.13952162577322447, 0.5887392150563108]
18, 7, (98.5, 1797.5999999999997, 1642.590350877193), [0.6001196442863899, 0.7922682769173592, 0.6012810807128632, 7, 1, 0.9870332236662259, 0.7141148052223897, 0.1715265479150182, 0.13952162577322447, 0.5887392150563108]
18, 8, (98.5, 1801.8614035087721, 1715.613157894737), [0.6001196442863899, 0.7922682769173592, 0.2591076504777641, 2, 1, 0.9521107281572855, 0.31956753985099884, 0.3472770825302759, 0.7268591364221778, 0.9119271272136058]
18, 9, (96.0, 1557.7026315789474, 1797.6114035087717), [0.3400354079125778, 0.05601299496893375, 0.6376213776955825, 3, 12, 0.9870332236662259, 0.9259213591781352, 0.1715265479150182, 0.7019381272182234, 0.00040753204495225237]
19, 0, (106.0, 1808.6873433583958, 1623.4763157894738), [0.3400354079125778, 0.05601299496893375, 0.13155344034029015, 7, 12, 0.9870332236662259, 0.9259213591781352, 0.1715265479150182, 0.13952162577322447, 0.5887392150563108]
19, 1, (101.5, 1604.1912280701756, 1795.8070175438595), [0.10379638473423825, 0.05601299496893375, 0.13155344034029015, 2, 1, 0.9521107281572855, 0.9259213591781352, 0.1715265479150182, 0.9022835418992459, 0.9119271272136058]
19, 2, (101.5, 1630.2666666666667, 1641.7280701754387), [0.6001196442863899, 0.7922682769173592, 0.2591076504777641, 2, 1, 0.9521107281572855, 0.31956753985099884, 0.3472770825302759, 0.7268591364221778, 0.9119271272136058]
19, 3, (101.5, 1737.122807017544, 1571.9236842105265), [0.07046804018894237, 0.05601299496893375, 0.2591076504777641, 2, 1, 0.9521107281572855, 0.9259213591781352, 0.1715265479150182, 0.9022835418992459, 0.5887392150563108]
19, 4, (100.5, 1731.8399749373436, 1787.1315789473683), [0.07046804018894237, 0.5583407499619495, 0.2591076504777641, 2, 1, 0.5435060748757171, 0.133586970600018, 0.1715265479150182, 0.68898035014846, 0.5887392150563108]
19, 5, (99.0, 1600.8, 1750.069298245614), [0.07046804018894237, 0.39157564562389124, 0.14184050032133222, 5, 1, 0.5234706203332693, 0.9259213591781352, 0.1715265479150182, 0.9022835418992459, 0.5887392150563108]
19, 6, (97.0, 1636.1298245614034, 1759.5131578947369), [0.012980262164823952, 0.05601299496893375, 0.2591076504777641, 2, 1, 0.8888621887193264, 0.133586970600018, 0.3472770825302759, 0.7268591364221778, 0.5887392150563108]
19, 7, (96.5, 1665.1526315789472, 1796.2833333333333), [0.6958978679883298, 0.229549586992979, 0.13155344034029015, 7, 1, 0.9870332236662259, 0.133586970600018, 0.21641557904317987, 0.68898035014846, 0.5887392150563108]
19, 8, (95.5, 1793.0649122807015, 1615.9964912280702), [0.012980262164823952, 0.05601299496893375, 0.6746871825334975, 2, 1, 0.8888621887193264, 0.133586970600018, 0.3472770825302759, 0.7268591364221778, 0.9119271272136058]
19, 9, (95.0, 1667.6622807017545, 1773.5675438596495), [0.3400354079125778, 0.229549586992979, 0.9565141121985998, 5, 12, 0.007614865651977443, 0.133586970600018, 0.1715265479150182, 0.13952162577322447, 0.2909614731414738]
20, 0, (110.0, 1797.280513784461, 1606.0157407407405), [0.3400354079125778, 0.229549586992979, 0.9565141121985998, 5, 12, 0.007614865651977443, 0.133586970600018, 0.1715265479150182, 0.13952162577322447, 0.2909614731414738]
20, 1, (107.5, 1691.5635338345862, 1739.1859649122807), [0.10379638473423825, 0.05601299496893375, 0.13155344034029015, 2, 1, 0.9521107281572855, 0.9259213591781352, 0.1715265479150182, 0.9022835418992459, 0.9119271272136058]
20, 2, (102.0, 1713.8604010025063, 1684.2728070175438), [0.10379638473423825, 0.05601299496893375, 0.13155344034029015, 9, 1, 0.9521107281572855, 0.9259213591781352, 0.1715265479150182, 0.9022835418992459, 0.9982426380243039]
20, 3, (102.0, 1735.698245614035, 1771.5473684210526), [0.6001196442863899, 0.7922682769173592, 0.2591076504777641, 2, 1, 0.9521107281572855, 0.31956753985099884, 0.3472770825302759, 0.7268591364221778, 0.9119271272136058]
20, 4, (101.0, 1785.9083333333333, 1676.9398148148148), [0.07046804018894237, 0.5583407499619495, 0.0040519237840327404, 2, 9, 0.5435060748757171, 0.133586970600018, 0.8830928544760833, 0.68898035014846, 0.5887392150563108]
20, 5, (100.5, 1809.6877192982456, 1658.5017543859651), [0.07046804018894237, 0.5583407499619495, 0.2591076504777641, 2, 1, 0.5435060748757171, 0.133586970600018, 0.1715265479150182, 0.68898035014846, 0.5887392150563108]
20, 6, (98.5, 1576.1254385964912, 1765.3280701754388), [0.3400354079125778, 0.229549586992979, 0.2591076504777641, 2, 12, 0.5435060748757171, 0.133586970600018, 0.1715265479150182, 0.68898035014846, 0.5887392150563108]
20, 7, (98.5, 1636.817543859649, 1830.9491228070176), [0.3400354079125778, 0.05601299496893375, 0.13155344034029015, 7, 12, 0.9870332236662259, 0.9259213591781352, 0.1715265479150182, 0.13952162577322447, 0.5887392150563108]
20, 8, (98.5, 1652.838596491228, 1774.9140350877194), [0.07046804018894237, 0.05601299496893375, 0.2591076504777641, 2, 1, 0.9521107281572855, 0.9259213591781352, 0.1715265479150182, 0.9022835418992459, 0.5887392150563108]
20, 9, (94.0, 1669.1491228070174, 1813.4114035087723), [0.07046804018894237, 0.5583407499619495, 0.2591076504777641, 2, 1, 0.5435060748757171, 0.9259213591781352, 0.25002167062751546, 0.5699404314759954, 0.5887392150563108]
21, 0, (105.5, 1712.471052631579, 1788.921052631579), [0.3400354079125778, 0.05601299496893375, 0.13155344034029015, 7, 12, 0.9870332236662259, 0.9259213591781352, 0.1715265479150182, 0.13952162577322447, 0.5887392150563108]
21, 1, (105.0, 1604.201754385965, 1873.9280701754385), [0.3400354079125778, 0.229549586992979, 0.2591076504777641, 2, 12, 0.5435060748757171, 0.133586970600018, 0.1715265479150182, 0.68898035014846, 0.5887392150563108]
21, 2, (103.0, 1662.1126566416037, 1912.1027777777776), [0.07046804018894237, 0.5583407499619495, 0.2591076504777641, 2, 1, 0.5435060748757171, 0.133586970600018, 0.25002167062751546, 0.5699404314759954, 0.222377471932933]
21, 3, (100.5, 1746.1982456140352, 1589.0438596491229), [0.6001196442863899, 0.05601299496893375, 0.04835179140242063, 8, 1, 0.9870332236662259, 0.7342216869880256, 0.1715265479150182, 0.13952162577322447, 0.9119271272136058]
21, 4, (99.0, 1688.0236842105264, 1783.3429824561406), [0.6001196442863899, 0.7922682769173592, 0.2591076504777641, 2, 1, 0.9521107281572855, 0.31956753985099884, 0.3472770825302759, 0.7268591364221778, 0.9119271272136058]
21, 5, (98.5, 1823.0956140350877, 1806.5473684210524), [0.10379638473423825, 0.9578416201479628, 0.13155344034029015, 2, 1, 0.9521107281572855, 0.31956753985099884, 0.1715265479150182, 0.7268591364221778, 0.963866188928644]
21, 6, (98.0, 1676.2028822055138, 1823.491228070175), [0.3400354079125778, 0.5583407499619495, 0.0040519237840327404, 2, 12, 0.9695209466923015, 0.133586970600018, 0.8830928544760833, 0.68898035014846, 0.5887392150563108]
21, 7, (97.0, 1708.1526315789472, 1718.6462962962962), [0.07046804018894237, 0.05601299496893375, 0.2591076504777641, 2, 1, 0.9521107281572855, 0.9259213591781352, 0.1715265479150182, 0.9022835418992459, 0.5887392150563108]
21, 8, (96.5, 1650.6666666666667, 1650.4640350877191), [0.6001196442863899, 0.7922682769173592, 0.2591076504777641, 9, 1, 0.9521107281572855, 0.9259213591781352, 0.3472770825302759, 0.9022835418992459, 0.9119271272136058]
21, 9, (95.5, 1620.6999999999998, 1763.1877192982456), [0.07046804018894237, 0.5583407499619495, 0.2591076504777641, 2, 1, 0.5435060748757171, 0.133586970600018, 0.1715265479150182, 0.68898035014846, 0.5887392150563108]
22, 0, (103.5, 1636.3473684210526, 1692.9956140350878), [0.3400354079125778, 0.05601299496893375, 0.0040519237840327404, 7, 6, 0.9695209466923015, 0.9259213591781352, 0.8830928544760833, 0.68898035014846, 0.5887392150563108]
22, 1, (101.5, 1658.0535087719297, 1697.6631578947367), [0.7401350075711021, 0.229549586992979, 0.2591076504777641, 2, 10, 0.9521107281572855, 0.133586970600018, 0.3472770825302759, 0.7268591364221778, 0.9119271272136058]
22, 2, (100.0, 1615.9437343358397, 1762.8978835978835), [0.07046804018894237, 0.05601299496893375, 0.2591076504777641, 2, 1, 0.9521107281572855, 0.9259213591781352, 0.1715265479150182, 0.9022835418992459, 0.5887392150563108]
22, 3, (98.5, 1806.548245614035, 1581.1719298245614), [0.3400354079125778, 0.05601299496893375, 0.13155344034029015, 7, 12, 0.9870332236662259, 0.9259213591781352, 0.1715265479150182, 0.13952162577322447, 0.5887392150563108]
22, 4, (97.0, 1654.2043859649123, 1809.2392156862745), [0.6001196442863899, 0.05601299496893375, 0.04835179140242063, 8, 1, 0.9870332236662259, 0.7342216869880256, 0.1715265479150182, 0.13952162577322447, 0.9119271272136058]
22, 5, (97.0, 1804.4868421052631, 1697.622807017544), [0.3400354079125778, 0.24347609853044072, 0.13155344034029015, 7, 11, 0.9870332236662259, 0.9259213591781352, 0.1715265479150182, 0.13952162577322447, 0.08043044228450269]
22, 6, (97.0, 1823.2991228070175, 1659.657894736842), [0.3400354079125778, 0.05601299496893375, 0.13155344034029015, 7, 12, 0.9870332236662259, 0.9259213591781352, 0.1715265479150182, 0.13952162577322447, 0.5887392150563108]
22, 7, (96.5, 1629.2042328042326, 1760.369172932331), [0.3400354079125778, 0.229549586992979, 0.0040519237840327404, 2, 12, 0.16532405373272685, 0.133586970600018, 0.1715265479150182, 0.68898035014846, 0.5887392150563108]
22, 8, (96.5, 1691.8412280701752, 1577.5622807017544), [0.6001196442863899, 0.7922682769173592, 0.2591076504777641, 2, 1, 0.9521107281572855, 0.31956753985099884, 0.3472770825302759, 0.7268591364221778, 0.9119271272136058]
22, 9, (96.0, 1622.8166666666666, 1698.7741854636595), [0.6001196442863899, 0.7922682769173592, 0.2591076504777641, 9, 1, 0.9521107281572855, 0.9259213591781352, 0.3472770825302759, 0.9022835418992459, 0.9119271272136058]
23, 0, (108.5, 1672.7631578947369, 1694.963157894737), [0.3400354079125778, 0.05601299496893375, 0.0040519237840327404, 8, 1, 0.9695209466923015, 0.7342216869880256, 0.8830928544760833, 0.68898035014846, 0.9119271272136058]
23, 1, (108.5, 1719.936090225564, 1627.2368421052631), [0.6001196442863899, 0.24347609853044072, 0.4175955058901727, 7, 11, 0.26960265946649165, 0.31956753985099884, 0.3472770825302759, 0.13952162577322447, 0.13861667758471008]
23, 2, (102.5, 1670.9482456140352, 1754.3055555555557), [0.6001196442863899, 0.05601299496893375, 0.04835179140242063, 8, 1, 0.9870332236662259, 0.7342216869880256, 0.1715265479150182, 0.13952162577322447, 0.9119271272136058]
23, 3, (101.0, 1664.2277777777776, 1656.3535087719297), [0.3400354079125778, 0.229549586992979, 0.0040519237840327404, 2, 12, 0.16532405373272685, 0.133586970600018, 0.1715265479150182, 0.68898035014846, 0.5887392150563108]
23, 4, (98.5, 1566.8210526315788, 1867.6263157894737), [0.7401350075711021, 0.229549586992979, 0.2591076504777641, 2, 10, 0.9521107281572855, 0.133586970600018, 0.3472770825302759, 0.7268591364221778, 0.9119271272136058]
23, 5, (98.5, 1656.417543859649, 1737.1413533834589), [0.3400354079125778, 0.05601299496893375, 0.0040519237840327404, 7, 6, 0.9695209466923015, 0.9259213591781352, 0.8830928544760833, 0.68898035014846, 0.5887392150563108]
23, 6, (98.0, 1797.360964912281, 1639.4407407407407), [0.3400354079125778, 0.24347609853044072, 0.13155344034029015, 7, 11, 0.9870332236662259, 0.9259213591781352, 0.1715265479150182, 0.13952162577322447, 0.08043044228450269]
23, 7, (97.0, 1595.9526315789476, 1657.5907407407406), [0.3400354079125778, 0.05601299496893375, 0.13155344034029015, 7, 12, 0.9870332236662259, 0.9259213591781352, 0.1715265479150182, 0.13952162577322447, 0.5887392150563108]
23, 8, (94.5, 1702.6157894736843, 1759.3605263157897), [0.3400354079125778, 0.05601299496893375, 0.0040519237840327404, 7, 6, 0.9695209466923015, 0.9259213591781352, 0.8830928544760833, 0.68898035014846, 0.5887392150563108]
23, 9, (94.5, 1777.6885964912278, 1576.7570175438595), [0.07046804018894237, 0.05601299496893375, 0.11896405748372052, 1, 1, 0.5145547074013415, 0.9259213591781352, 0.034741595045255425, 0.9022835418992459, 0.5887392150563108]
24, 0, (103.0, 1760.7342105263156, 1744.5535087719297), [0.6001196442863899, 0.24347609853044072, 0.4175955058901727, 7, 11, 0.26960265946649165, 0.31956753985099884, 0.3472770825302759, 0.13952162577322447, 0.13861667758471008]
24, 1, (102.5, 1731.8026315789473, 1680.4771929824565), [0.6001196442863899, 0.05601299496893375, 0.04835179140242063, 8, 1, 0.9870332236662259, 0.7342216869880256, 0.1715265479150182, 0.13952162577322447, 0.9119271272136058]
24, 2, (100.5, 1650.1572681704263, 1764.6425925925926), [0.3400354079125778, 0.05601299496893375, 0.9272464273751931, 8, 4, 0.9695209466923015, 0.7342216869880256, 0.8830928544760833, 0.68898035014846, 0.9119271272136058]
24, 3, (100.0, 1740.3526315789477, 1654.0701754385964), [0.3400354079125778, 0.24347609853044072, 0.13155344034029015, 7, 11, 0.9870332236662259, 0.9259213591781352, 0.1715265479150182, 0.13952162577322447, 0.08043044228450269]
24, 4, (99.0, 1685.5701754385964, 1737.5850877192984), [0.6001196442863899, 0.24347609853044072, 0.13155344034029015, 7, 11, 0.9870332236662259, 0.9495211847470029, 0.1715265479150182, 0.13952162577322447, 0.08043044228450269]
24, 5, (98.5, 1694.8327067669175, 1707.1), [0.3400354079125778, 0.05601299496893375, 0.88700990490636, 8, 1, 0.9695209466923015, 0.7342216869880256, 0.8830928544760833, 0.68898035014846, 0.9119271272136058]
24, 6, (98.0, 1759.2008771929825, 1612.022807017544), [0.3400354079125778, 0.05601299496893375, 0.0040519237840327404, 7, 6, 0.9695209466923015, 0.9259213591781352, 0.8830928544760833, 0.68898035014846, 0.5887392150563108]
24, 7, (96.5, 1611.648245614035, 1700.6438596491228), [0.3400354079125778, 0.05601299496893375, 0.0040519237840327404, 8, 11, 0.9695209466923015, 0.7342216869880256, 0.8830928544760833, 0.877147970221338, 0.9119271272136058]
24, 8, (95.5, 1667.717042606516, 1758.5312169312174), [0.7401350075711021, 0.229549586992979, 0.2591076504777641, 2, 10, 0.9521107281572855, 0.133586970600018, 0.3472770825302759, 0.7268591364221778, 0.9119271272136058]
24, 9, (95.5, 1728.935964912281, 1763.9543859649123), [0.3400354079125778, 0.05601299496893375, 0.0040519237840327404, 8, 1, 0.9695209466923015, 0.7342216869880256, 0.8830928544760833, 0.68898035014846, 0.9119271272136058]
25, 0, (100.5, 1689.5645363408519, 1694.35350877193), [0.3400354079125778, 0.05601299496893375, 0.0040519237840327404, 8, 1, 0.9695209466923015, 0.7342216869880256, 0.8830928544760833, 0.68898035014846, 0.9119271272136058]
25, 1, (100.5, 1758.5815789473686, 1636.877192982456), [0.32980245904196714, 0.05601299496893375, 0.8955116461218382, 6, 11, 0.9667609260718284, 0.7501437115272812, 0.3472770825302759, 0.13952162577322447, 0.13861667758471008]
25, 2, (100.0, 1844.495614035088, 1633.8561403508772), [0.3400354079125778, 0.9328553756407988, 0.9272464273751931, 6, 11, 0.26960265946649165, 0.6158321489919169, 0.8830928544760833, 0.24301892804811986, 0.9119271272136058]
25, 3, (99.0, 1767.5587719298246, 1758.301754385965), [0.3400354079125778, 0.8011088959784115, 0.13155344034029015, 7, 9, 0.9695209466923015, 0.9259213591781352, 0.8830928544760833, 0.08337848117514546, 0.08043044228450269]
25, 4, (98.5, 1745.1913533834588, 1619.2481481481482), [0.6001196442863899, 0.35027428768139224, 0.88700990490636, 10, 9, 0.9695209466923015, 0.7342216869880256, 0.1715265479150182, 0.68898035014846, 0.9119271272136058]
25, 5, (98.0, 1588.7763157894738, 1805.44649122807), [0.6001196442863899, 0.24347609853044072, 0.13155344034029015, 7, 11, 0.9870332236662259, 0.9495211847470029, 0.1715265479150182, 0.13952162577322447, 0.08043044228450269]
25, 6, (98.0, 1621.9166666666667, 1764.7938596491229), [0.3400354079125778, 0.05601299496893375, 0.0040519237840327404, 7, 6, 0.9870332236662259, 0.9259213591781352, 0.1715265479150182, 0.0417422235540893, 0.5887392150563108]
25, 7, (98.0, 1695.7263157894733, 1729.5192982456142), [0.3400354079125778, 0.05601299496893375, 0.88700990490636, 8, 1, 0.36794262560464863, 0.3302836513645242, 0.1715265479150182, 0.13952162577322447, 0.9119271272136058]
25, 8, (97.5, 1634.3416666666665, 1767.4429824561405), [0.6001196442863899, 0.05601299496893375, 0.27814772664174436, 8, 1, 0.9870332236662259, 0.7342216869880256, 0.8830928544760833, 0.68898035014846, 0.9119271272136058]
25, 9, (97.0, 1564.411403508772, 1695.7166666666665), [0.3400354079125778, 0.05601299496893375, 0.0040519237840327404, 7, 6, 0.9695209466923015, 0.9259213591781352, 0.8830928544760833, 0.68898035014846, 0.5887392150563108]
26, 0, (108.0, 1699.4671679197995, 1850.1166666666668), [0.32980245904196714, 0.5504063441488479, 0.88700990490636, 6, 11, 0.9667609260718284, 0.7501437115272812, 0.1715265479150182, 0.9605294921487986, 0.9119271272136058]
26, 1, (105.5, 1682.2068922305764, 1646.3859649122805), [0.3400354079125778, 0.05601299496893375, 0.0040519237840327404, 8, 8, 0.1444611139064612, 0.6158321489919169, 0.8830928544760833, 0.24301892804811986, 0.9119271272136058]
26, 2, (104.5, 1636.8596491228068, 1807.1403508771928), [0.3400354079125778, 0.05601299496893375, 0.0040519237840327404, 7, 6, 0.9695209466923015, 0.9259213591781352, 0.8830928544760833, 0.68898035014846, 0.5887392150563108]
26, 3, (101.5, 1657.0964912280701, 1710.3736842105263), [0.6001196442863899, 0.35027428768139224, 0.88700990490636, 10, 9, 0.9695209466923015, 0.7342216869880256, 0.1715265479150182, 0.68898035014846, 0.9119271272136058]
26, 4, (100.0, 1785.5307017543857, 1573.8973684210525), [0.3400354079125778, 0.05601299496893375, 0.0040519237840327404, 7, 6, 0.9870332236662259, 0.9259213591781352, 0.1715265479150182, 0.0417422235540893, 0.5887392150563108]
26, 5, (99.0, 1786.4552631578947, 1586.790350877193), [0.3400354079125778, 0.05601299496893375, 0.88700990490636, 8, 1, 0.36794262560464863, 0.3302836513645242, 0.1715265479150182, 0.13952162577322447, 0.9119271272136058]
26, 6, (98.0, 1848.3005012531328, 1544.830701754386), [0.3400354079125778, 0.8011088959784115, 0.13155344034029015, 7, 9, 0.9695209466923015, 0.9259213591781352, 0.8830928544760833, 0.08337848117514546, 0.08043044228450269]
26, 7, (97.0, 1619.4593984962407, 1797.3675438596492), [0.3400354079125778, 0.9328553756407988, 0.9272464273751931, 6, 11, 0.26960265946649165, 0.6158321489919169, 0.8830928544760833, 0.24301892804811986, 0.9119271272136058]
26, 8, (97.0, 1749.9692982456143, 1701.2298245614038), [0.6001196442863899, 0.35027428768139224, 0.88700990490636, 10, 9, 0.9695209466923015, 0.7342216869880256, 0.1715265479150182, 0.68898035014846, 0.28021931388741883]
26, 9, (96.5, 1549.417543859649, 1748.5175438596493), [0.02271914393195995, 0.05601299496893375, 0.0040519237840327404, 7, 6, 0.7857284884316255, 0.7342216869880256, 0.1715265479150182, 0.0417422235540893, 0.5887392150563108]
27, 0, (105.5, 1640.4210526315787, 1685.7035087719298), [0.6001196442863899, 0.35027428768139224, 0.88700990490636, 10, 9, 0.9695209466923015, 0.7342216869880256, 0.1715265479150182, 0.68898035014846, 0.9119271272136058]
27, 1, (102.5, 1650.1403508771928, 1619.361111111111), [0.3400354079125778, 0.05601299496893375, 0.0040519237840327404, 7, 14, 0.9695209466923015, 0.9259213591781352, 0.8830928544760833, 0.68898035014846, 0.5887392150563108]
27, 2, (102.5, 1734.7010025062657, 1701.2114035087718), [0.3400354079125778, 0.05601299496893375, 0.88700990490636, 10, 8, 0.6863067392624728, 0.6158321489919169, 0.1715265479150182, 0.68898035014846, 0.9119271272136058]
27, 3, (102.0, 1751.232706766917, 1666.0438596491229), [0.3400354079125778, 0.21569694936423034, 0.88700990490636, 8, 9, 0.9695209466923015, 0.9259213591781352, 0.8830928544760833, 0.08337848117514546, 0.08043044228450269]
27, 4, (100.0, 1627.190350877193, 1682.05), [0.32980245904196714, 0.5504063441488479, 0.88700990490636, 6, 11, 0.9667609260718284, 0.7501437115272812, 0.1715265479150182, 0.9605294921487986, 0.9119271272136058]
27, 5, (97.0, 1687.0194444444442, 1637.208333333333), [0.3400354079125778, 0.05601299496893375, 0.0040519237840327404, 7, 6, 0.9695209466923015, 0.9259213591781352, 0.8830928544760833, 0.68898035014846, 0.5887392150563108]
27, 6, (97.0, 1814.1359649122808, 1719.0666666666666), [0.6001196442863899, 0.35027428768139224, 0.0040519237840327404, 8, 9, 0.1444611139064612, 0.7342216869880256, 0.8830928544760833, 0.24301892804811986, 0.9119271272136058]
27, 7, (95.5, 1902.3273182957391, 1662.303634085213), [0.3400354079125778, 0.05601299496893375, 0.0040519237840327404, 8, 8, 0.1444611139064612, 0.6158321489919169, 0.8830928544760833, 0.24301892804811986, 0.9119271272136058]
27, 8, (94.0, 1586.1140350877195, 1763.3622807017546), [0.3608582050244181, 0.35027428768139224, 0.88700990490636, 6, 9, 0.26960265946649165, 0.7342216869880256, 0.8830928544760833, 0.68898035014846, 0.9119271272136058]
27, 9, (93.5, 1696.4798245614033, 1791.6912280701754), [0.6001196442863899, 0.35027428768139224, 0.88700990490636, 10, 9, 0.9695209466923015, 0.7342216869880256, 0.1715265479150182, 0.68898035014846, 0.28021931388741883]
28, 0, (101.5, 1624.8842105263157, 1838.251754385965), [0.3400354079125778, 0.05601299496893375, 0.0040519237840327404, 8, 8, 0.1444611139064612, 0.6158321489919169, 0.8830928544760833, 0.24301892804811986, 0.9119271272136058]
28, 1, (100.5, 1611.3701754385966, 1788.9692982456138), [0.6001196442863899, 0.35027428768139224, 0.88700990490636, 10, 9, 0.9695209466923015, 0.7342216869880256, 0.1715265479150182, 0.68898035014846, 0.9119271272136058]
28, 2, (100.0, 1628.138596491228, 1706.3267195767194), [0.6001196442863899, 0.35027428768139224, 0.6838465780861661, 10, 9, 0.9695209466923015, 0.9259213591781352, 0.4992749834886293, 0.68898035014846, 0.5887392150563108]
28, 3, (99.0, 1816.9289473684212, 1646.5236842105262), [0.6001196442863899, 0.35027428768139224, 0.88700990490636, 10, 9, 0.9695209466923015, 0.7342216869880256, 0.1715265479150182, 0.68898035014846, 0.28021931388741883]
28, 4, (98.0, 1774.7622807017547, 1758.0464912280704), [0.6001196442863899, 0.05601299496893375, 0.0040519237840327404, 8, 14, 0.9695209466923015, 0.9259213591781352, 0.8830928544760833, 0.68898035014846, 0.9119271272136058]
28, 5, (97.5, 1686.7087719298245, 1729.0385964912282), [0.3400354079125778, 0.05601299496893375, 0.88700990490636, 10, 8, 0.6863067392624728, 0.6158321489919169, 0.1715265479150182, 0.68898035014846, 0.9119271272136058]
28, 6, (97.0, 1677.2912280701755, 1609.8377192982457), [0.3400354079125778, 0.05601299496893375, 0.3510814173057636, 7, 14, 0.9695209466923015, 0.7342216869880256, 0.8830928544760833, 0.68898035014846, 0.9119271272136058]
28, 7, (96.5, 1782.4398148148148, 1705.8416666666665), [0.3608582050244181, 0.35027428768139224, 0.88700990490636, 6, 9, 0.26960265946649165, 0.7342216869880256, 0.8830928544760833, 0.68898035014846, 0.9119271272136058]
28, 8, (96.0, 1878.011403508772, 1549.9078947368423), [0.3400354079125778, 0.05601299496893375, 0.0040519237840327404, 7, 6, 0.9695209466923015, 0.9259213591781352, 0.8830928544760833, 0.68898035014846, 0.5887392150563108]
28, 9, (94.5, 1711.859649122807, 1650.0973684210528), [0.8196600615972417, 0.05601299496893375, 0.0040519237840327404, 10, 9, 0.9695209466923015, 0.7342216869880256, 0.1715265479150182, 0.16047952879170868, 0.9119271272136058]
29, 0, (105.0, 1668.231578947369, 1791.0333333333333), [0.6001196442863899, 0.05601299496893375, 0.0040519237840327404, 8, 14, 0.9695209466923015, 0.9259213591781352, 0.8830928544760833, 0.68898035014846, 0.9119271272136058]
29, 1, (103.5, 1769.5377192982457, 1723.6631578947367), [0.3400354079125778, 0.05601299496893375, 0.3510814173057636, 7, 14, 0.9695209466923015, 0.7342216869880256, 0.8830928544760833, 0.68898035014846, 0.9119271272136058]
29, 2, (102.5, 1731.1446115288227, 1746.2456140350876), [0.6001196442863899, 0.05601299496893375, 0.21179681419596474, 10, 14, 0.9695209466923015, 0.9259213591781352, 0.962433356106687, 0.68898035014846, 0.5887392150563108]
29, 3, (100.5, 1659.4508771929825, 1645.6535087719296), [0.6001196442863899, 0.35027428768139224, 0.88700990490636, 10, 9, 0.9695209466923015, 0.7342216869880256, 0.1715265479150182, 0.68898035014846, 0.28021931388741883]
29, 4, (100.5, 1833.1605263157896, 1819.0395989974932), [0.6001196442863899, 0.35027428768139224, 0.6838465780861661, 10, 9, 0.9695209466923015, 0.9259213591781352, 0.4992749834886293, 0.68898035014846, 0.5887392150563108]
29, 5, (97.5, 1652.0317042606516, 1880.698245614035), [0.3400354079125778, 0.5636993079724052, 0.0040519237840327404, 9, 9, 0.1444611139064612, 0.6158321489919169, 0.8830928544760833, 0.24301892804811986, 0.9119271272136058]
29, 6, (97.5, 1753.1798245614034, 1833.9587719298245), [0.6001196442863899, 0.35027428768139224, 0.88700990490636, 10, 9, 0.9695209466923015, 0.7342216869880256, 0.1715265479150182, 0.68898035014846, 0.9119271272136058]
29, 7, (96.5, 1664.0377192982455, 1798.2008771929825), [0.3400354079125778, 0.05601299496893375, 0.88700990490636, 10, 13, 0.9576415230734696, 0.6158321489919169, 0.1715265479150182, 0.3144745266479063, 0.9119271272136058]
29, 8, (96.5, 1722.4456140350878, 1722.9537037037037), [0.3400354079125778, 0.05601299496893375, 0.0040519237840327404, 7, 6, 0.9695209466923015, 0.9259213591781352, 0.8830928544760833, 0.68898035014846, 0.5887392150563108]
29, 9, (95.5, 1691.814035087719, 1827.6789473684212), [0.3400354079125778, 0.05601299496893375, 0.3510814173057636, 7, 14, 0.1444611139064612, 0.7342216869880256, 0.8830928544760833, 0.16182635866868478, 0.9119271272136058]
30, 0, (102.0, 1622.1679824561404, 1808.6490740740742), [0.6001196442863899, 0.35027428768139224, 0.88700990490636, 10, 9, 0.9695209466923015, 0.7342216869880256, 0.1715265479150182, 0.68898035014846, 0.9119271272136058]
30, 1, (101.5, 1757.85701754386, 1758.4780701754382), [0.6001196442863899, 0.05601299496893375, 0.0040519237840327404, 8, 14, 0.9695209466923015, 0.9259213591781352, 0.8830928544760833, 0.68898035014846, 0.5887392150563108]
30, 2, (98.5, 1630.1026315789472, 1686.7289473684211), [0.6001196442863899, 0.35027428768139224, 0.6838465780861661, 10, 9, 0.9695209466923015, 0.9259213591781352, 0.4992749834886293, 0.68898035014846, 0.5887392150563108]
30, 3, (98.5, 1783.9996240601506, 1687.1140350877192), [0.3400354079125778, 0.05601299496893375, 0.3510814173057636, 7, 14, 0.1444611139064612, 0.7342216869880256, 0.8830928544760833, 0.16182635866868478, 0.9119271272136058]
30, 4, (97.5, 1681.8526315789475, 1664.2429824561405), [0.3400354079125778, 0.05601299496893375, 0.3510814173057636, 8, 14, 0.9695209466923015, 0.9259213591781352, 0.8830928544760833, 0.68898035014846, 0.7276816084332707]
30, 5, (97.0, 1580.428070175439, 1752.1122807017543), [0.6001196442863899, 0.05601299496893375, 0.0040519237840327404, 7, 14, 0.9695209466923015, 0.7342216869880256, 0.9523827221751617, 0.68898035014846, 0.9119271272136058]
30, 6, (96.5, 1769.2184210526316, 1713.7508771929824), [0.6001196442863899, 0.05601299496893375, 0.08583585250895509, 10, 8, 0.9695209466923015, 0.9259213591781352, 0.962433356106687, 0.68898035014846, 0.9119271272136058]
30, 7, (95.5, 1741.282456140351, 1673.6692982456143), [0.6001196442863899, 0.05601299496893375, 0.21179681419596474, 10, 14, 0.9695209466923015, 0.9259213591781352, 0.962433356106687, 0.68898035014846, 0.2574604908769208]
30, 8, (95.0, 1792.5035087719298, 1742.80350877193), [0.3400354079125778, 0.05601299496893375, 0.3510814173057636, 8, 20, 0.9695209466923015, 0.7342216869880256, 0.2438942077773718, 0.0007493498617645589, 0.9119271272136058]
30, 9, (94.5, 1638.3640350877192, 1753.3745614035088), [0.6001196442863899, 0.35027428768139224, 0.88700990490636, 10, 9, 0.9695209466923015, 0.7342216869880256, 0.1715265479150182, 0.68898035014846, 0.28021931388741883]
31, 0, (104.0, 1684.1497493734335, 1736.1859649122807), [0.6001196442863899, 0.05601299496893375, 0.0040519237840327404, 8, 14, 0.9695209466923015, 0.9259213591781352, 0.8830928544760833, 0.68898035014846, 0.5887392150563108]
31, 1, (102.5, 1653.604010025063, 1785.4535087719298), [0.6001196442863899, 0.35027428768139224, 0.6838465780861661, 10, 9, 0.9695209466923015, 0.9259213591781352, 0.4992749834886293, 0.68898035014846, 0.5887392150563108]
31, 2, (102.5, 1657.586842105263, 1752.3438596491228), [0.3400354079125778, 0.05601299496893375, 0.3510814173057636, 8, 14, 0.9695209466923015, 0.9259213591781352, 0.8830928544760833, 0.68898035014846, 0.7276816084332707]
31, 3, (99.0, 1639.4026455026456, 1755.5333333333333), [0.6001196442863899, 0.05601299496893375, 0.0040519237840327404, 8, 14, 0.9695209466923015, 0.7744956481978201, 0.8830928544760833, 0.68898035014846, 0.5887392150563108]
31, 4, (99.0, 1783.7605263157893, 1885.1601503759398), [0.3400354079125778, 0.05601299496893375, 0.3510814173057636, 7, 14, 0.1444611139064612, 0.7342216869880256, 0.8830928544760833, 0.16182635866868478, 0.9119271272136058]
31, 5, (98.0, 1826.7991228070175, 1581.7753132832079), [0.6001196442863899, 0.05601299496893375, 0.0040519237840327404, 8, 14, 0.7839610926747665, 0.9259213591781352, 0.8830928544760833, 0.68898035014846, 0.9119271272136058]
31, 6, (95.5, 1708.7719298245615, 1575.4385964912283), [0.6001196442863899, 0.05601299496893375, 0.08583585250895509, 7, 14, 0.1444611139064612, 0.9259213591781352, 0.8236131953417835, 0.68898035014846, 0.9119271272136058]
31, 7, (95.0, 1631.2438596491227, 1742.3540100250627), [0.6001196442863899, 0.05601299496893375, 0.0040519237840327404, 8, 14, 0.9695209466923015, 0.9259213591781352, 0.8830928544760833, 0.68898035014846, 0.5887392150563108]
31, 8, (94.5, 1555.9631578947367, 1760.0280701754382), [0.6001196442863899, 0.05601299496893375, 0.21179681419596474, 10, 14, 0.9695209466923015, 0.9259213591781352, 0.962433356106687, 0.68898035014846, 0.2574604908769208]
31, 9, (94.5, 1572.0, 1773.7140350877191), [0.6001196442863899, 0.35027428768139224, 0.88700990490636, 10, 9, 0.9695209466923015, 0.7342216869880256, 0.1715265479150182, 0.68898035014846, 0.9119271272136058]
32, 0, (108.0, 1731.759899749373, 1796.5482456140353), [0.804678236972504, 0.26655026437692797, 0.3510814173057636, 7, 6, 0.1444611139064612, 0.5530975697284073, 0.8830928544760833, 0.16182635866868478, 0.7276816084332707]
32, 1, (101.5, 1719.0763157894737, 1669.5), [0.6001196442863899, 0.05601299496893375, 0.21179681419596474, 10, 14, 0.9695209466923015, 0.9259213591781352, 0.962433356106687, 0.68898035014846, 0.2574604908769208]
32, 2, (101.0, 1625.340350877193, 1806.4184210526319), [0.6001196442863899, 0.05601299496893375, 0.0040519237840327404, 8, 14, 0.9695209466923015, 0.7744956481978201, 0.8830928544760833, 0.68898035014846, 0.5887392150563108]
32, 3, (100.5, 1549.0507518796992, 1861.056140350877), [0.6001196442863899, 0.05601299496893375, 0.08583585250895509, 10, 19, 0.1444611139064612, 0.9259213591781352, 0.8830928544760833, 0.68898035014846, 0.9119271272136058]
32, 4, (100.0, 1768.9570175438596, 1714.9552631578947), [0.6001196442863899, 0.05601299496893375, 0.0040519237840327404, 8, 14, 0.9695209466923015, 0.9259213591781352, 0.20299490605767, 0.68898035014846, 0.5887392150563108]
32, 5, (99.5, 1684.798245614035, 1758.1956140350878), [0.3400354079125778, 0.05601299496893375, 0.3510814173057636, 7, 14, 0.1444611139064612, 0.7342216869880256, 0.8830928544760833, 0.16182635866868478, 0.9119271272136058]
32, 6, (98.5, 1550.592105263158, 1757.1912280701754), [0.6001196442863899, 0.35027428768139224, 0.88700990490636, 10, 9, 0.9695209466923015, 0.7342216869880256, 0.1715265479150182, 0.68898035014846, 0.9119271272136058]
32, 7, (98.0, 1770.3666666666663, 1624.2701754385967), [0.6001196442863899, 0.05601299496893375, 0.0040519237840327404, 8, 14, 0.6273641433756211, 0.9259213591781352, 0.8830928544760833, 0.68898035014846, 0.5887392150563108]
32, 8, (97.5, 1747.8640350877192, 1630.1815789473683), [0.6001196442863899, 0.05601299496893375, 0.08583585250895509, 7, 14, 0.1444611139064612, 0.9259213591781352, 0.8236131953417835, 0.68898035014846, 0.9119271272136058]
32, 9, (96.0, 1740.4973684210524, 1679.2298245614033), [0.6001196442863899, 0.35027428768139224, 0.6838465780861661, 10, 9, 0.9695209466923015, 0.9259213591781352, 0.4992749834886293, 0.68898035014846, 0.5887392150563108]
33, 0, (107.5, 1689.1043859649124, 1737.7061403508774), [0.6001196442863899, 0.35027428768139224, 0.7098055891864855, 7, 9, 0.1444611139064612, 0.7342216869880256, 0.1715265479150182, 0.68898035014846, 0.9119271272136058]
33, 1, (106.5, 1827.4492481203008, 1617.3851851851853), [0.6001196442863899, 0.05601299496893375, 0.0040519237840327404, 8, 14, 0.9695209466923015, 0.7744956481978201, 0.8830928544760833, 0.68898035014846, 0.5887392150563108]
33, 2, (102.0, 1661.0482456140353, 1583.875), [0.6001196442863899, 0.05601299496893375, 0.08583585250895509, 7, 14, 0.1444611139064612, 0.9259213591781352, 0.8236131953417835, 0.68898035014846, 0.9119271272136058]
33, 3, (99.0, 1790.3868421052634, 1661.7947368421053), [0.4859717980626773, 0.05601299496893375, 0.21331987102188388, 5, 14, 0.9695209466923015, 0.9259213591781352, 0.8830928544760833, 0.68898035014846, 0.5887392150563108]
33, 4, (98.5, 1658.6771929824563, 1718.2646616541351), [0.804678236972504, 0.26655026437692797, 0.3510814173057636, 7, 6, 0.1444611139064612, 0.5530975697284073, 0.8830928544760833, 0.16182635866868478, 0.7276816084332707]
33, 5, (98.5, 1721.2201754385965, 1723.079824561403), [0.804678236972504, 0.05601299496893375, 0.3510814173057636, 7, 6, 0.19931170017874744, 0.5530975697284073, 0.8830928544760833, 0.16182635866868478, 0.7276816084332707]
33, 6, (96.5, 1635.0201754385964, 1727.5719298245615), [0.3400354079125778, 0.26655026437692797, 0.3510814173057636, 7, 18, 0.1444611139064612, 0.7342216869880256, 0.8830928544760833, 0.16182635866868478, 0.9119271272136058]
33, 7, (96.5, 1642.8289473684213, 1696.0157894736844), [0.6001196442863899, 0.35027428768139224, 0.6838465780861661, 10, 9, 0.9695209466923015, 0.9259213591781352, 0.4992749834886293, 0.68898035014846, 0.5887392150563108]
33, 8, (96.0, 1639.2921052631577, 1674.22962962963), [0.6001196442863899, 0.05601299496893375, 0.0040519237840327404, 8, 14, 0.6273641433756211, 0.9259213591781352, 0.8830928544760833, 0.68898035014846, 0.5887392150563108]
33, 9, (94.0, 1659.7601851851853, 1850.5912280701757), [0.6001196442863899, 0.05601299496893375, 0.21179681419596474, 10, 14, 0.9695209466923015, 0.9259213591781352, 0.962433356106687, 0.68898035014846, 0.2574604908769208]
34, 0, (110.0, 1588.7499999999998, 1853.1499999999999), [0.804678236972504, 0.05601299496893375, 0.3510814173057636, 7, 4, 0.19931170017874744, 0.6674005419588278, 0.8830928544760833, 0.16182635866868478, 0.7276816084332707]
34, 1, (103.5, 1548.3395989974936, 1742.9517543859647), [0.6001196442863899, 0.05601299496893375, 0.3510814173057636, 5, 6, 0.1444611139064612, 0.5530975697284073, 0.6058311573402477, 0.68898035014846, 0.7276816084332707]
34, 2, (100.5, 1592.7109022556392, 1757.7535087719298), [0.6001196442863899, 0.35027428768139224, 0.7098055891864855, 7, 9, 0.1444611139064612, 0.7342216869880256, 0.1715265479150182, 0.68898035014846, 0.9119271272136058]
34, 3, (100.5, 1664.9342105263156, 1627.6666666666665), [0.804678236972504, 0.05601299496893375, 0.08583585250895509, 7, 14, 0.1444611139064612, 0.9259213591781352, 0.8236131953417835, 0.68898035014846, 0.7276816084332707]
34, 4, (99.5, 1703.3350877192981, 1690.080701754386), [0.3400354079125778, 0.26655026437692797, 0.3510814173057636, 7, 18, 0.1444611139064612, 0.7342216869880256, 0.8830928544760833, 0.16182635866868478, 0.9119271272136058]
34, 5, (99.5, 1731.111528822055, 1760.6719298245612), [0.6001196442863899, 0.26655026437692797, 0.3510814173057636, 7, 1, 0.1444611139064612, 0.5530975697284073, 0.8830928544760833, 0.16182635866868478, 0.9119271272136058]
34, 6, (97.5, 1727.0280701754389, 1776.7459899749374), [0.4859717980626773, 0.05601299496893375, 0.21331987102188388, 5, 14, 0.9695209466923015, 0.9259213591781352, 0.8830928544760833, 0.68898035014846, 0.5887392150563108]
34, 7, (97.5, 1893.1815789473687, 1562.7763157894738), [0.804678236972504, 0.26655026437692797, 0.3510814173057636, 7, 6, 0.1444611139064612, 0.5530975697284073, 0.8830928544760833, 0.16182635866868478, 0.7276816084332707]
34, 8, (96.5, 1697.416666666667, 1695.5842105263157), [0.6001196442863899, 0.05601299496893375, 0.08583585250895509, 7, 14, 0.1444611139064612, 0.9259213591781352, 0.8236131953417835, 0.68898035014846, 0.9119271272136058]
34, 9, (96.5, 1818.2197994987464, 1751.594862155388), [0.804678236972504, 0.26655026437692797, 0.3510814173057636, 7, 6, 0.1444611139064612, 0.5530975697284073, 0.8830928544760833, 0.16182635866868478, 0.7276816084332707]
35, 0, (112.0, 1667.2228835978838, 1784.9989974937344), [0.6001196442863899, 0.26655026437692797, 0.3510814173057636, 5, 1, 0.1444611139064612, 0.5530975697284073, 0.8830928544760833, 0.68898035014846, 0.7276816084332707]
35, 1, (101.0, 1632.7607769423557, 1788.258771929825), [0.4859717980626773, 0.05601299496893375, 0.21331987102188388, 5, 14, 0.9695209466923015, 0.9259213591781352, 0.8830928544760833, 0.68898035014846, 0.5887392150563108]
35, 2, (101.0, 1776.0627819548872, 1751.1070175438592), [0.804678236972504, 0.26655026437692797, 0.3510814173057636, 7, 6, 0.1444611139064612, 0.5530975697284073, 0.8830928544760833, 0.16182635866868478, 0.7276816084332707]
35, 3, (99.5, 1619.7719298245615, 1816.2438596491227), [0.9059865563566973, 0.05601299496893375, 0.3510814173057636, 7, 6, 0.1444611139064612, 0.5530975697284073, 0.6058311573402477, 0.16513969743986479, 0.9119271272136058]
35, 4, (99.5, 1768.1947368421058, 1518.9743107769423), [0.804678236972504, 0.05601299496893375, 0.08583585250895509, 7, 14, 0.1444611139064612, 0.9259213591781352, 0.8236131953417835, 0.68898035014846, 0.7276816084332707]
35, 5, (99.0, 1695.8912280701754, 1630.737962962963), [0.6001196442863899, 0.35027428768139224, 0.7098055891864855, 7, 9, 0.1444611139064612, 0.7342216869880256, 0.1715265479150182, 0.68898035014846, 0.9119271272136058]
35, 6, (98.5, 1863.488596491228, 1658.7561403508773), [0.804678236972504, 0.05601299496893375, 0.3510814173057636, 7, 17, 0.19931170017874744, 0.6674005419588278, 0.8236131953417835, 0.68898035014846, 0.8048649233652999]
35, 7, (97.0, 1688.9314814814813, 1737.4263157894736), [0.804678236972504, 0.05601299496893375, 0.21331987102188388, 5, 4, 0.9695209466923015, 0.5062612675682507, 0.4275397491959212, 0.68898035014846, 0.7276816084332707]
35, 8, (96.5, 1744.3611528822053, 1712.2724310776941), [0.6001196442863899, 0.05601299496893375, 0.3510814173057636, 5, 6, 0.1444611139064612, 0.5530975697284073, 0.6058311573402477, 0.68898035014846, 0.7276816084332707]
35, 9, (95.5, 1678.6552631578945, 1654.7228070175436), [0.804678236972504, 0.05601299496893375, 0.3510814173057636, 7, 4, 0.19931170017874744, 0.6674005419588278, 0.8830928544760833, 0.16182635866868478, 0.7276816084332707]
36, 0, (108.0, 1669.806140350877, 1870.689814814815), [0.6001196442863899, 0.26655026437692797, 0.5078219273361336, 7, 14, 0.1444611139064612, 0.9259213591781352, 0.8236131953417835, 0.68898035014846, 0.5770667927447651]
36, 1, (105.5, 1696.833333333333, 1714.39649122807), [0.4859717980626773, 0.05601299496893375, 0.21331987102188388, 5, 14, 0.9695209466923015, 0.9259213591781352, 0.8830928544760833, 0.68898035014846, 0.5887392150563108]
36, 2, (105.0, 1657.9254385964916, 1783.1403508771932), [0.804678236972504, 0.05601299496893375, 0.21331987102188388, 5, 4, 0.9695209466923015, 0.5062612675682507, 0.4275397491959212, 0.68898035014846, 0.7276816084332707]
36, 3, (104.5, 1811.1809523809525, 1594.4305555555557), [0.804678236972504, 0.05601299496893375, 0.08583585250895509, 5, 1, 0.1444611139064612, 0.5530975697284073, 0.8302948907364978, 0.68898035014846, 0.0724998790238841]
36, 4, (102.0, 1680.6412280701752, 1717.611403508772), [0.804678236972504, 0.26655026437692797, 0.3510814173057636, 7, 6, 0.1444611139064612, 0.5530975697284073, 0.8830928544760833, 0.16182635866868478, 0.7276816084332707]
36, 5, (101.0, 1798.2631578947369, 1563.7026315789474), [0.804678236972504, 0.05601299496893375, 0.08583585250895509, 7, 14, 0.1444611139064612, 0.9259213591781352, 0.8236131953417835, 0.68898035014846, 0.7276816084332707]
36, 6, (99.0, 1526.840476190476, 1943.823684210526), [0.804678236972504, 0.05601299496893375, 0.3510814173057636, 7, 4, 0.19931170017874744, 0.6674005419588278, 0.8830928544760833, 0.16182635866868478, 0.7276816084332707]
36, 7, (99.0, 1696.3482456140352, 1865.825925925926), [0.804678236972504, 0.05601299496893375, 0.3510814173057636, 7, 17, 0.19931170017874744, 0.6674005419588278, 0.8236131953417835, 0.68898035014846, 0.8048649233652999]
36, 8, (94.5, 1700.656140350877, 1713.9649122807018), [0.6001196442863899, 0.35027428768139224, 0.7098055891864855, 7, 9, 0.1444611139064612, 0.7342216869880256, 0.1715265479150182, 0.68898035014846, 0.9119271272136058]
36, 9, (93.5, 1683.681203007519, 1736.3603174603174), [0.804678236972504, 0.35027428768139224, 0.3510814173057636, 7, 9, 0.1444611139064612, 0.6674005419588278, 0.8236131953417835, 0.68898035014846, 0.9119271272136058]
37, 0, (104.0, 1708.5070175438595, 1692.6684210526314), [0.804678236972504, 0.05601299496893375, 0.21331987102188388, 5, 14, 0.9695209466923015, 0.9259213591781352, 0.8830928544760833, 0.36203445087956154, 0.7276816084332707]
37, 1, (101.0, 1677.2929824561404, 1716.5868421052633), [0.804678236972504, 0.05601299496893375, 0.3510814173057636, 5, 17, 0.9695209466923015, 0.9259213591781352, 0.8236131953417835, 0.68898035014846, 0.5830128489631327]
37, 2, (100.5, 1710.422807017544, 1632.6736842105263), [0.6001196442863899, 0.7782276092443694, 0.5078219273361336, 7, 14, 0.1444611139064612, 0.9259213591781352, 0.3040404868517935, 0.68898035014846, 0.5770667927447651]
37, 3, (100.5, 1775.967543859649, 1670.5131578947369), [0.804678236972504, 0.05601299496893375, 0.08583585250895509, 5, 14, 0.1444611139064612, 0.48183281210287254, 0.8302948907364978, 0.68898035014846, 0.0724998790238841]
37, 4, (99.5, 1742.0515873015875, 1665.49649122807), [0.804678236972504, 0.05601299496893375, 0.3510814173057636, 7, 4, 0.19931170017874744, 0.6674005419588278, 0.8830928544760833, 0.16182635866868478, 0.7276816084332707]
37, 5, (98.5, 1810.2791979949877, 1631.1675925925929), [0.804678236972504, 0.26655026437692797, 0.3510814173057636, 7, 6, 0.1444611139064612, 0.5530975697284073, 0.8830928544760833, 0.16182635866868478, 0.7276816084332707]
37, 6, (98.0, 1642.6314814814814, 1802.7754385964915), [0.804678236972504, 0.05601299496893375, 0.3510814173057636, 5, 17, 0.29188968659632286, 0.6674005419588278, 0.9357280294598609, 0.68898035014846, 0.6979271580121637]
37, 7, (97.5, 1787.1026315789472, 1610.7929824561404), [0.4859717980626773, 0.05601299496893375, 0.21331987102188388, 7, 8, 0.9695209466923015, 0.2502058625939866, 0.8830928544760833, 0.68898035014846, 0.8048649233652999]
37, 8, (97.0, 1827.2991228070175, 1653.2525132275132), [0.804678236972504, 0.05601299496893375, 0.08583585250895509, 7, 14, 0.1444611139064612, 0.9259213591781352, 0.8236131953417835, 0.68898035014846, 0.7276816084332707]
37, 9, (96.0, 1747.846240601503, 1752.135087719298), [0.804678236972504, 0.05601299496893375, 0.21331987102188388, 5, 4, 0.9695209466923015, 0.5062612675682507, 0.4275397491959212, 0.68898035014846, 0.7276816084332707]
38, 0, (102.5, 1644.2850877192984, 1807.3868421052628), [0.804678236972504, 0.05601299496893375, 0.3510814173057636, 9, 14, 0.9695209466923015, 0.9259213591781352, 0.8830928544760833, 0.36203445087956154, 0.7276816084332707]
38, 1, (102.0, 1710.2359649122805, 1806.9798245614031), [0.804678236972504, 0.05601299496893375, 0.21331987102188388, 5, 14, 0.9695209466923015, 0.5062612675682507, 0.8830928544760833, 0.68898035014846, 0.7276816084332707]
38, 2, (101.5, 1806.943859649123, 1650.74298245614), [0.4859717980626773, 0.05601299496893375, 0.21331987102188388, 7, 8, 0.9695209466923015, 0.2502058625939866, 0.8830928544760833, 0.68898035014846, 0.8048649233652999]
38, 3, (100.5, 1741.317543859649, 1493.965789473684), [0.8151686937349655, 0.05601299496893375, 0.21331987102188388, 5, 16, 0.4748265814544579, 0.9259213591781352, 0.8236131953417835, 0.68898035014846, 0.9822901480278357]
38, 4, (99.5, 1695.2798245614035, 1708.487468671679), [0.6001196442863899, 0.7782276092443694, 0.5078219273361336, 7, 14, 0.1444611139064612, 0.9259213591781352, 0.3040404868517935, 0.68898035014846, 0.5770667927447651]
38, 5, (99.5, 1737.45, 1720.5438596491226), [0.804678236972504, 0.26655026437692797, 0.21331987102188388, 7, 5, 0.1444611139064612, 0.5530975697284073, 0.8830928544760833, 0.16182635866868478, 0.7276816084332707]
38, 6, (99.0, 1588.748370927318, 1795.748245614035), [0.804678236972504, 0.05601299496893375, 0.3510814173057636, 5, 17, 0.9695209466923015, 0.9259213591781352, 0.8236131953417835, 0.68898035014846, 0.5830128489631327]
38, 7, (99.0, 1649.0243107769422, 1717.5271929824564), [0.5012451557616217, 0.7782276092443694, 0.5078219273361336, 7, 14, 0.8312741819899733, 0.9259213591781352, 0.3040404868517935, 0.68898035014846, 0.5830128489631327]
38, 8, (95.5, 1558.9675438596491, 1835.6334586466166), [0.804678236972504, 0.19545960015674468, 0.21331987102188388, 5, 4, 0.9695209466923015, 0.9259213591781352, 0.4275397491959212, 0.36203445087956154, 0.9126439645177156]
38, 9, (95.0, 1679.162280701754, 1610.0131578947369), [0.804678236972504, 0.05601299496893375, 0.3510814173057636, 5, 17, 0.29188968659632286, 0.6674005419588278, 0.9357280294598609, 0.68898035014846, 0.6979271580121637]
39, 0, (103.5, 1752.7191729323308, 1672.6526315789476), [0.804678236972504, 0.26655026437692797, 0.21331987102188388, 7, 5, 0.1444611139064612, 0.5530975697284073, 0.8830928544760833, 0.16182635866868478, 0.7276816084332707]
39, 1, (102.5, 1647.7850877192984, 1621.5780701754388), [0.6001196442863899, 0.7782276092443694, 0.5078219273361336, 7, 14, 0.1444611139064612, 0.9259213591781352, 0.3040404868517935, 0.68898035014846, 0.5770667927447651]
39, 2, (99.0, 1712.3942355889724, 1718.8833333333332), [0.804678236972504, 0.05601299496893375, 0.7413288255675593, 7, 16, 0.9695209466923015, 0.9259213591781352, 0.8236131953417835, 0.68898035014846, 0.9822901480278357]
39, 3, (99.0, 1735.9894736842107, 1606.9245614035087), [0.8151686937349655, 0.05601299496893375, 0.21331987102188388, 5, 16, 0.4748265814544579, 0.9259213591781352, 0.8236131953417835, 0.68898035014846, 0.9822901480278357]
39, 4, (98.5, 1650.2473684210527, 1667.1631578947367), [0.804678236972504, 0.05601299496893375, 0.3510814173057636, 5, 17, 0.29188968659632286, 0.6674005419588278, 0.9357280294598609, 0.68898035014846, 0.6979271580121637]
39, 5, (98.5, 1652.6666666666665, 1806.5842105263162), [0.4859717980626773, 0.26655026437692797, 0.21331987102188388, 7, 5, 0.9695209466923015, 0.2502058625939866, 0.8830928544760833, 0.68898035014846, 0.7276816084332707]
39, 6, (96.5, 1547.6701754385965, 1836.5327067669175), [0.804678236972504, 0.05601299496893375, 0.3510814173057636, 5, 17, 0.9695209466923015, 0.9259213591781352, 0.8236131953417835, 0.68898035014846, 0.5830128489631327]
39, 7, (96.0, 1564.7923558897246, 1827.3385964912281), [0.4859717980626773, 0.05601299496893375, 0.21331987102188388, 7, 8, 0.9695209466923015, 0.2502058625939866, 0.8830928544760833, 0.8558162503202056, 0.8048649233652999]
39, 8, (96.0, 1782.292105263158, 1638.5008771929824), [0.804678236972504, 0.05601299496893375, 0.3122516170981049, 9, 14, 0.9695209466923015, 0.9259213591781352, 0.8830928544760833, 0.68898035014846, 0.7823245360939496]
39, 9, (96.0, 1796.835087719298, 1536.6630325814535), [0.4859717980626773, 0.05601299496893375, 0.21331987102188388, 7, 8, 0.7015543743780954, 0.2502058625939866, 0.8830928544760833, 0.68898035014846, 0.8048649233652999]
40, 0, (110.5, 1691.6122807017546, 1696.4685185185185), [0.6001196442863899, 0.7782276092443694, 0.5078219273361336, 7, 14, 0.1444611139064612, 0.9259213591781352, 0.3040404868517935, 0.68898035014846, 0.5770667927447651]
40, 1, (102.0, 1713.5889724310778, 1684.1982456140352), [0.804678236972504, 0.05601299496893375, 0.3510814173057636, 5, 17, 0.29188968659632286, 0.6674005419588278, 0.9357280294598609, 0.68898035014846, 0.6979271580121637]
40, 2, (101.5, 1745.1958994708993, 1782.3157894736842), [0.4859717980626773, 0.26655026437692797, 0.7413288255675593, 7, 16, 0.9695209466923015, 0.2502058625939866, 0.05011515484762852, 0.68898035014846, 0.9822901480278357]
40, 3, (101.0, 1644.2587719298244, 1717.459649122807), [0.8151686937349655, 0.05601299496893375, 0.6791394671608604, 5, 16, 0.29188968659632286, 0.9259213591781352, 0.8236131953417835, 0.68898035014846, 0.6979271580121637]
40, 4, (100.0, 1853.0736842105264, 1570.2587719298244), [0.804678236972504, 0.05601299496893375, 0.7413288255675593, 7, 16, 0.9695209466923015, 0.9259213591781352, 0.8236131953417835, 0.68898035014846, 0.9822901480278357]
40, 5, (99.0, 1539.4745614035087, 1841.3157894736842), [0.4859717980626773, 0.26655026437692797, 0.21331987102188388, 7, 5, 0.9695209466923015, 0.2502058625939866, 0.8830928544760833, 0.68898035014846, 0.7276816084332707]
40, 6, (98.0, 1681.8652116402118, 1631.5254385964913), [0.6001196442863899, 0.7782276092443694, 0.5078219273361336, 7, 14, 0.1444611139064612, 0.9259213591781352, 0.3040404868517935, 0.68898035014846, 0.5770667927447651]
40, 7, (97.5, 1667.8166666666666, 1735.231203007519), [0.804678236972504, 0.05601299496893375, 0.21331987102188388, 7, 1, 0.9695209466923015, 0.9259213591781352, 0.21263002112864848, 0.68898035014846, 0.823227772616259]
40, 8, (97.0, 1778.7622807017547, 1629.8184210526315), [0.804678236972504, 0.26655026437692797, 0.21331987102188388, 7, 5, 0.1444611139064612, 0.5530975697284073, 0.8830928544760833, 0.16182635866868478, 0.7276816084332707]
40, 9, (95.5, 1745.2315789473685, 1791.3631578947366), [0.4859717980626773, 0.05601299496893375, 0.21331987102188388, 7, 8, 0.7015543743780954, 0.2502058625939866, 0.8830928544760833, 0.68898035014846, 0.8048649233652999]
41, 0, (102.5, 1623.9008771929825, 1765.2694444444444), [0.804678236972504, 0.26655026437692797, 0.09317718581891798, 7, 10, 0.1444611139064612, 0.5530975697284073, 0.8236131953417835, 0.68898035014846, 0.9822901480278357]
41, 1, (102.0, 1769.935087719298, 1655.6763157894736), [0.4859717980626773, 0.05601299496893375, 0.21331987102188388, 7, 8, 0.7015543743780954, 0.2502058625939866, 0.8830928544760833, 0.68898035014846, 0.8048649233652999]
41, 2, (101.0, 1667.461403508772, 1785.6263157894737), [0.804678236972504, 0.05601299496893375, 0.3510814173057636, 5, 17, 0.29188968659632286, 0.6674005419588278, 0.9357280294598609, 0.68898035014846, 0.6979271580121637]
41, 3, (101.0, 1672.6649122807016, 1671.9561403508771), [0.6001196442863899, 0.7782276092443694, 0.5078219273361336, 7, 14, 0.1444611139064612, 0.9259213591781352, 0.3040404868517935, 0.68898035014846, 0.5770667927447651]
41, 4, (100.0, 1743.9122807017545, 1764.6798245614038), [0.804678236972504, 0.05601299496893375, 0.3510814173057636, 5, 15, 0.4543335144353925, 0.6674005419588278, 0.9357280294598609, 0.68898035014846, 0.6979271580121637]
41, 5, (99.5, 1742.6692982456145, 1600.0412280701755), [0.4859717980626773, 0.26655026437692797, 0.21331987102188388, 7, 5, 0.9695209466923015, 0.2502058625939866, 0.8830928544760833, 0.68898035014846, 0.7276816084332707]
41, 6, (99.0, 1928.8894736842105, 1609.6842105263158), [0.4859717980626773, 0.05601299496893375, 0.6791394671608604, 5, 16, 0.29188968659632286, 0.2502058625939866, 0.8830928544760833, 0.68898035014846, 0.00021286783248952723]
41, 7, (96.5, 1610.2228070175436, 1757.5868421052633), [0.804678236972504, 0.05601299496893375, 0.21331987102188388, 7, 1, 0.9695209466923015, 0.9259213591781352, 0.21263002112864848, 0.68898035014846, 0.823227772616259]
41, 8, (95.0, 1674.1310776942357, 1744.8166666666664), [0.804678236972504, 0.05601299496893375, 0.3510814173057636, 5, 17, 0.29188968659632286, 0.6674005419588278, 0.9357280294598609, 0.28304866150856234, 0.6979271580121637]
41, 9, (95.0, 1769.3561403508775, 1563.39649122807), [0.804678236972504, 0.26655026437692797, 0.21331987102188388, 7, 5, 0.1444611139064612, 0.5530975697284073, 0.8830928544760833, 0.16182635866868478, 0.7276816084332707]
42, 0, (110.0, 1721.2374686716792, 1709.4456140350878), [0.804678236972504, 0.05601299496893375, 0.27120180900447655, 5, 17, 0.29188968659632286, 0.6674005419588278, 0.9357280294598609, 0.28304866150856234, 0.965495298186796]
42, 1, (107.5, 1759.060902255639, 1743.713157894737), [0.4859717980626773, 0.05601299496893375, 0.6791394671608604, 5, 2, 0.9695209466923015, 0.2502058625939866, 0.21263002112864848, 0.68898035014846, 0.823227772616259]
42, 2, (106.0, 1672.2888471177946, 1935.7009259259257), [0.804678236972504, 0.05601299496893375, 0.3510814173057636, 5, 15, 0.4543335144353925, 0.6674005419588278, 0.9357280294598609, 0.68898035014846, 0.6979271580121637]
42, 3, (101.5, 1656.609649122807, 1708.6859649122807), [0.2931305584688254, 0.05601299496893375, 0.21331987102188388, 7, 10, 0.7015543743780954, 0.5530975697284073, 0.8830928544760833, 0.68898035014846, 0.9822901480278357]
42, 4, (101.5, 1694.4789473684211, 1842.7464912280702), [0.4859717980626773, 0.26655026437692797, 0.09317718581891798, 7, 10, 0.1444611139064612, 0.2502058625939866, 0.8236131953417835, 0.68898035014846, 0.8048649233652999]
42, 5, (101.5, 1774.2780701754389, 1612.9350877192985), [0.804678236972504, 0.05601299496893375, 0.21331987102188388, 7, 1, 0.9695209466923015, 0.9259213591781352, 0.21263002112864848, 0.68898035014846, 0.823227772616259]
42, 6, (100.0, 1636.0122807017544, 1752.2863408521303), [0.4859717980626773, 0.05601299496893375, 0.6791394671608604, 5, 16, 0.29188968659632286, 0.2502058625939866, 0.8830928544760833, 0.68898035014846, 0.00021286783248952723]
42, 7, (98.5, 1789.858897243108, 1708.0087719298247), [0.804678236972504, 0.05601299496893375, 0.3510814173057636, 5, 17, 0.29188968659632286, 0.6674005419588278, 0.9357280294598609, 0.28304866150856234, 0.6979271580121637]
42, 8, (94.0, 1746.6318783068782, 1677.0285714285715), [0.9105074367251044, 0.14346954348559182, 0.09317718581891798, 5, 17, 0.29188968659632286, 0.5530975697284073, 0.9357280294598609, 0.68898035014846, 0.9822901480278357]
42, 9, (94.0, 1808.2661654135338, 1656.109649122807), [0.5010102453989018, 0.05601299496893375, 0.3510814173057636, 5, 2, 0.29188968659632286, 0.6674005419588278, 0.9357280294598609, 0.68898035014846, 0.6979271580121637]
43, 0, (106.5, 1663.645864661654, 1710.5425925925924), [0.804678236972504, 0.05601299496893375, 0.3510814173057636, 5, 17, 0.29188968659632286, 0.6674005419588278, 0.9357280294598609, 0.28304866150856234, 0.6979271580121637]
43, 1, (105.0, 1738.5241854636595, 1667.7953703703706), [0.6217054957695192, 0.05601299496893375, 0.27120180900447655, 5, 15, 0.29188968659632286, 0.6674005419588278, 0.9357280294598609, 0.68898035014846, 0.965495298186796]
43, 2, (105.0, 1741.2236842105262, 1678.932456140351), [0.9105074367251044, 0.14346954348559182, 0.09317718581891798, 5, 17, 0.29188968659632286, 0.5530975697284073, 0.9357280294598609, 0.68898035014846, 0.9822901480278357]
43, 3, (100.5, 1632.1017543859648, 1823.5859649122806), [0.804678236972504, 0.05601299496893375, 0.3510814173057636, 5, 15, 0.4543335144353925, 0.6674005419588278, 0.9357280294598609, 0.68898035014846, 0.6979271580121637]
43, 4, (100.5, 1761.4105263157896, 1654.9885964912282), [0.4859717980626773, 0.05601299496893375, 0.6791394671608604, 5, 2, 0.9695209466923015, 0.2502058625939866, 0.21263002112864848, 0.68898035014846, 0.823227772616259]
43, 5, (99.5, 1770.2082706766917, 1649.3026315789473), [0.804678236972504, 0.05601299496893375, 0.21331987102188388, 7, 1, 0.9695209466923015, 0.9259213591781352, 0.21263002112864848, 0.68898035014846, 0.823227772616259]
43, 6, (97.5, 1653.3280701754386, 1765.9508771929825), [0.4859717980626773, 0.05601299496893375, 0.6791394671608604, 5, 16, 0.5359423083410759, 0.2502058625939866, 0.8713637251908182, 0.68898035014846, 0.00021286783248952723]
43, 7, (96.5, 1688.107769423559, 1842.036842105263), [0.4859717980626773, 0.05601299496893375, 0.6791394671608604, 5, 2, 0.07580206719198224, 0.2502058625939866, 0.21263002112864848, 0.68898035014846, 0.823227772616259]
43, 8, (96.5, 1693.9611111111112, 1758.8136591478694), [0.3680197271193668, 0.05601299496893375, 0.6791394671608604, 6, 16, 0.7015543743780954, 0.5530975697284073, 0.8830928544760833, 0.68898035014846, 0.00021286783248952723]
43, 9, (95.0, 1660.5298245614035, 1715.6429824561405), [0.4859717980626773, 0.26655026437692797, 0.09317718581891798, 7, 10, 0.1444611139064612, 0.2502058625939866, 0.8236131953417835, 0.68898035014846, 0.8048649233652999]
44, 0, (103.5, 1739.7691798941798, 1705.497807017544), [0.4859717980626773, 0.05601299496893375, 0.6791394671608604, 5, 2, 0.07580206719198224, 0.2502058625939866, 0.21263002112864848, 0.68898035014846, 0.823227772616259]
44, 1, (101.5, 1598.8082706766916, 1782.512962962963), [0.804678236972504, 0.05601299496893375, 0.21331987102188388, 7, 1, 0.9695209466923015, 0.9259213591781352, 0.21263002112864848, 0.68898035014846, 0.823227772616259]
44, 2, (101.5, 1649.9798245614036, 1751.9922305764408), [0.4859717980626773, 0.05601299496893375, 0.6791394671608604, 5, 16, 0.5359423083410759, 0.2502058625939866, 0.8713637251908182, 0.68898035014846, 0.00021286783248952723]
44, 3, (100.5, 1726.4795739348372, 1751.919423558897), [0.6217054957695192, 0.05601299496893375, 0.27120180900447655, 5, 15, 0.29188968659632286, 0.6674005419588278, 0.9357280294598609, 0.68898035014846, 0.965495298186796]
44, 4, (99.5, 1705.974561403509, 1534.7991228070175), [0.4859717980626773, 0.05601299496893375, 0.6791394671608604, 5, 15, 0.4543335144353925, 0.8784462109840936, 0.9357280294598609, 0.68898035014846, 0.12637629850998067]
44, 5, (99.5, 1757.6951754385966, 1604.9138888888888), [0.804678236972504, 0.05601299496893375, 0.3510814173057636, 5, 15, 0.4543335144353925, 0.6674005419588278, 0.9357280294598609, 0.68898035014846, 0.6979271580121637]
44, 6, (98.0, 1763.452631578947, 1719.730701754386), [0.4859717980626773, 0.05601299496893375, 0.6791394671608604, 5, 2, 0.07580206719198224, 0.2502058625939866, 0.21263002112864848, 0.68898035014846, 0.823227772616259]
44, 7, (96.5, 1583.1780701754385, 1577.2453703703702), [0.4859717980626773, 0.26655026437692797, 0.09317718581891798, 7, 10, 0.1444611139064612, 0.2502058625939866, 0.8236131953417835, 0.68898035014846, 0.8048649233652999]
44, 8, (96.5, 1713.7605263157895, 1755.6464912280705), [0.4859717980626773, 0.05601299496893375, 0.6791394671608604, 5, 2, 0.9695209466923015, 0.2502058625939866, 0.21263002112864848, 0.68898035014846, 0.823227772616259]
44, 9, (96.0, 1634.0207393483713, 1857.191534391534), [0.08930450099124954, 0.8630759441250235, 0.6791394671608604, 7, 2, 0.07580206719198224, 0.2502058625939866, 0.21263002112864848, 0.23888478982371708, 0.5406417689544933]
45, 0, (104.0, 1713.5622807017542, 1633.7526315789476), [0.4859717980626773, 0.05601299496893375, 0.6791394671608604, 5, 2, 0.9695209466923015, 0.2502058625939866, 0.21263002112864848, 0.68898035014846, 0.823227772616259]
45, 1, (103.0, 1823.981453634085, 1637.8055555555554), [0.4859717980626773, 0.05601299496893375, 0.27120180900447655, 5, 15, 0.07580206719198224, 0.6674005419588278, 0.21263002112864848, 0.68898035014846, 0.965495298186796]
45, 2, (99.0, 1669.6140350877195, 1721.3605263157897), [0.4859717980626773, 0.05601299496893375, 0.6791394671608604, 5, 2, 0.5359423083410759, 0.10428822176247932, 0.8713637251908182, 0.68898035014846, 0.07793146069357137]
45, 3, (99.0, 1693.2923558897244, 1800.2964912280702), [0.4859717980626773, 0.05601299496893375, 0.3510814173057636, 5, 2, 0.07580206719198224, 0.6674005419588278, 0.21263002112864848, 0.20927234903737546, 0.823227772616259]
45, 4, (98.5, 1765.1194235588973, 1664.1289473684208), [0.4859717980626773, 0.9033773489679058, 0.6791394671608604, 5, 2, 0.07580206719198224, 0.2502058625939866, 0.21263002112864848, 0.68898035014846, 0.6979271580121637]
45, 5, (96.5, 1570.092105263158, 1737.6903508771932), [0.804678236972504, 0.05601299496893375, 0.3510814173057636, 5, 15, 0.4543335144353925, 0.6674005419588278, 0.9357280294598609, 0.68898035014846, 0.6979271580121637]
45, 6, (96.5, 1634.0157894736842, 1665.8578947368421), [0.804678236972504, 0.05601299496893375, 0.6791394671608604, 5, 17, 0.4543335144353925, 0.2502058625939866, 0.9357280294598609, 0.68898035014846, 0.6979271580121637]
45, 7, (96.5, 1655.767543859649, 1681.9868421052631), [0.804678236972504, 0.05601299496893375, 0.3510814173057636, 5, 15, 0.4543335144353925, 0.6674005419588278, 0.3482681635325693, 0.4999184754885838, 0.823227772616259]
45, 8, (96.5, 1769.564035087719, 1595.1473684210523), [0.08930450099124954, 0.8630759441250235, 0.6791394671608604, 7, 2, 0.07580206719198224, 0.2502058625939866, 0.21263002112864848, 0.23888478982371708, 0.5406417689544933]
45, 9, (96.5, 1867.922305764411, 1459.0484962406015), [0.4859717980626773, 0.05601299496893375, 0.9665322206011018, 10, 16, 0.07580206719198224, 0.2502058625939866, 0.4023319823302509, 0.68898035014846, 0.823227772616259]
46, 0, (103.0, 1690.2087719298245, 1675.8973684210523), [0.21510134242130952, 0.45533797323551284, 0.11039137378907393, 5, 2, 0.9795502888035461, 0.6674005419588278, 0.8713637251908182, 0.68898035014846, 0.46293242420082226]
46, 1, (101.5, 1788.3166666666668, 1645.3026315789473), [0.4859717980626773, 0.6061377722530442, 0.6791394671608604, 5, 2, 0.5359423083410759, 0.6473674336398236, 0.21263002112864848, 0.8977020991175285, 0.823227772616259]
46, 2, (101.0, 1627.7244360902255, 1828.1333333333332), [0.804678236972504, 0.05601299496893375, 0.6791394671608604, 5, 17, 0.4543335144353925, 0.2502058625939866, 0.9357280294598609, 0.68898035014846, 0.6979271580121637]
46, 3, (100.5, 1728.2953703703706, 1795.8280701754388), [0.4859717980626773, 0.05601299496893375, 0.6791394671608604, 10, 2, 0.5359423083410759, 0.2502058625939866, 0.4023319823302509, 0.68898035014846, 0.07793146069357137]
46, 4, (99.0, 1644.9710526315787, 1790.2947368421053), [0.4859717980626773, 0.05601299496893375, 0.9665322206011018, 10, 16, 0.07580206719198224, 0.2502058625939866, 0.4023319823302509, 0.68898035014846, 0.823227772616259]
46, 5, (99.0, 1714.1692982456138, 1756.2140350877191), [0.804678236972504, 0.05601299496893375, 0.3510814173057636, 5, 15, 0.4543335144353925, 0.6674005419588278, 0.3482681635325693, 0.4999184754885838, 0.823227772616259]
46, 6, (98.5, 1737.2577694235592, 1723.6333333333332), [0.4859717980626773, 0.05601299496893375, 0.9665322206011018, 5, 5, 0.07580206719198224, 0.10428822176247932, 0.8713637251908182, 0.68898035014846, 0.823227772616259]
46, 7, (98.5, 1821.0622807017544, 1685.427192982456), [0.804678236972504, 0.05601299496893375, 0.10052594962818284, 5, 2, 0.5359423083410759, 0.593886234103528, 0.3482681635325693, 0.4999184754885838, 0.823227772616259]
46, 8, (96.5, 1701.9736842105262, 1665.925438596491), [0.4859717980626773, 0.05601299496893375, 0.27120180900447655, 5, 15, 0.07580206719198224, 0.6674005419588278, 0.21263002112864848, 0.68898035014846, 0.965495298186796]
46, 9, (95.0, 1624.8342105263157, 1779.4552631578947), [0.8913269475785108, 0.05601299496893375, 0.3510814173057636, 5, 2, 0.9695209466923015, 0.6674005419588278, 0.21263002112864848, 0.68898035014846, 0.6979271580121637]
47, 0, (106.0, 1702.5510025062654, 1815.6657894736843), [0.804678236972504, 0.05601299496893375, 0.3510814173057636, 5, 15, 0.4543335144353925, 0.6674005419588278, 0.3482681635325693, 0.4999184754885838, 0.823227772616259]
47, 1, (104.5, 1759.0894736842104, 1637.386842105263), [0.4859717980626773, 0.05601299496893375, 0.6791394671608604, 10, 2, 0.5359423083410759, 0.2502058625939866, 0.4023319823302509, 0.68898035014846, 0.07793146069357137]
47, 2, (103.5, 1746.5929824561401, 1619.2008771929825), [0.4859717980626773, 0.45533797323551284, 0.9665322206011018, 10, 2, 0.07580206719198224, 0.2502058625939866, 0.8713637251908182, 0.68898035014846, 0.823227772616259]
47, 3, (102.5, 1793.1834586466166, 1649.7574074074073), [0.4859717980626773, 0.9517052274233179, 0.9665322206011018, 5, 2, 0.07580206719198224, 0.2502058625939866, 0.4023319823302509, 0.68898035014846, 0.823227772616259]
47, 4, (100.5, 1638.672807017544, 1770.0087719298244), [0.21510134242130952, 0.1286801263701458, 0.11039137378907393, 5, 17, 0.5359423083410759, 0.593886234103528, 0.3482681635325693, 0.4999184754885838, 0.823227772616259]
47, 5, (98.0, 1692.8350877192981, 1707.4660401002504), [0.4859717980626773, 0.05601299496893375, 0.6791394671608604, 2, 5, 0.5861439168916271, 0.10428822176247932, 0.8713637251908182, 0.7986082547322793, 0.07793146069357137]
47, 6, (96.5, 1644.9565162907268, 1690.3421052631577), [0.804678236972504, 0.05601299496893375, 0.10052594962818284, 5, 2, 0.5359423083410759, 0.593886234103528, 0.3482681635325693, 0.4999184754885838, 0.823227772616259]
47, 7, (96.5, 1808.3052631578948, 1654.8621553884711), [0.4859717980626773, 0.6061377722530442, 0.6791394671608604, 1, 2, 0.5359423083410759, 0.6473674336398236, 0.21263002112864848, 0.4999184754885838, 0.823227772616259]
47, 8, (96.0, 1759.1175438596492, 1726.851754385965), [0.4859717980626773, 0.05601299496893375, 0.9665322206011018, 10, 16, 0.07580206719198224, 0.2502058625939866, 0.4023319823302509, 0.68898035014846, 0.823227772616259]
47, 9, (95.0, 1675.9473684210527, 1715.6907268170428), [0.4859717980626773, 0.6061377722530442, 0.6791394671608604, 5, 2, 0.5359423083410759, 0.6473674336398236, 0.21263002112864848, 0.8977020991175285, 0.823227772616259]
48, 0, (102.5, 1676.6706766917293, 1762.0824561403508), [0.4859717980626773, 0.6061377722530442, 0.6791394671608604, 5, 2, 0.5359423083410759, 0.6473674336398236, 0.21263002112864848, 0.8977020991175285, 0.823227772616259]
48, 1, (102.0, 1687.698120300752, 1766.9754385964911), [0.200659139972179, 0.05601299496893375, 0.3510814173057636, 5, 15, 0.4543335144353925, 0.31893610329204125, 0.3482681635325693, 0.4999184754885838, 0.823227772616259]
48, 2, (101.5, 1758.009649122807, 1575.0171679197995), [0.4859717980626773, 0.05601299496893375, 0.6791394671608604, 10, 2, 0.5359423083410759, 0.2502058625939866, 0.4023319823302509, 0.68898035014846, 0.07793146069357137]
48, 3, (101.0, 1816.357894736842, 1723.59649122807), [0.804678236972504, 0.05601299496893375, 0.3510814173057636, 5, 15, 0.4543335144353925, 0.6674005419588278, 0.6563727880463048, 0.4999184754885838, 0.1592536650663432]
48, 4, (100.5, 1795.1692982456145, 1684.3078947368422), [0.21510134242130952, 0.1286801263701458, 0.11039137378907393, 5, 17, 0.5359423083410759, 0.593886234103528, 0.3482681635325693, 0.4999184754885838, 0.823227772616259]
48, 5, (99.5, 1692.0640350877193, 1814.682456140351), [0.4859717980626773, 0.6061377722530442, 0.6791394671608604, 1, 2, 0.5359423083410759, 0.6473674336398236, 0.21263002112864848, 0.4999184754885838, 0.823227772616259]
48, 6, (98.0, 1631.4342105263158, 1755.4140350877194), [0.4859717980626773, 0.05601299496893375, 0.6791394671608604, 2, 5, 0.5861439168916271, 0.10428822176247932, 0.8713637251908182, 0.7986082547322793, 0.07793146069357137]
48, 7, (98.0, 1787.351754385965, 1706.0192982456144), [0.4859717980626773, 0.45533797323551284, 0.9665322206011018, 10, 2, 0.07580206719198224, 0.2502058625939866, 0.8713637251908182, 0.68898035014846, 0.823227772616259]
48, 8, (97.5, 1590.5491228070175, 1755.2280701754387), [0.4859717980626773, 0.9517052274233179, 0.9665322206011018, 5, 2, 0.07580206719198224, 0.2502058625939866, 0.4023319823302509, 0.68898035014846, 0.823227772616259]
48, 9, (97.5, 1637.7604010025063, 1720.6021164021165), [0.4859717980626773, 0.7943122195483384, 0.6532400066532603, 10, 2, 0.07580206719198224, 0.2502058625939866, 0.8713637251908182, 0.68898035014846, 0.823227772616259]
49, 0, (103.0, 1852.7724310776946, 1600.709022556391), [0.4859717980626773, 0.6061377722530442, 0.7690359014217759, 5, 2, 0.5359423083410759, 0.2502058625939866, 0.21263002112864848, 0.9258892735541014, 0.8120464407808758]
49, 1, (100.0, 1714.0587719298246, 1581.9473684210527), [0.21510134242130952, 0.1286801263701458, 0.11039137378907393, 5, 17, 0.5359423083410759, 0.593886234103528, 0.3482681635325693, 0.4999184754885838, 0.823227772616259]
49, 2, (100.0, 1761.7078947368423, 1693.0122807017547), [0.4859717980626773, 0.6061377722530442, 0.6791394671608604, 1, 2, 0.5359423083410759, 0.6473674336398236, 0.21263002112864848, 0.4999184754885838, 0.823227772616259]
49, 3, (99.5, 1546.6043859649121, 1836.215789473684), [0.4859717980626773, 0.05601299496893375, 0.6791394671608604, 2, 5, 0.5861439168916271, 0.10428822176247932, 0.8713637251908182, 0.7986082547322793, 0.07793146069357137]
49, 4, (98.0, 1702.6333333333332, 1647.1894736842105), [0.4859717980626773, 0.05601299496893375, 0.9665322206011018, 5, 15, 0.07580206719198224, 0.2502058625939866, 0.6563727880463048, 0.4999184754885838, 0.19044348061712624]
49, 5, (97.0, 1687.677192982456, 1709.3525062656643), [0.200659139972179, 0.05601299496893375, 0.6791394671608604, 5, 19, 0.5359423083410759, 0.2502058625939866, 0.3482681635325693, 0.4999184754885838, 0.823227772616259]
49, 6, (96.5, 1530.4649122807016, 1757.6394736842105), [0.4859717980626773, 0.05601299496893375, 0.6791394671608604, 10, 2, 0.5359423083410759, 0.2502058625939866, 0.4023319823302509, 0.68898035014846, 0.07793146069357137]
49, 7, (96.5, 1762.7140350877191, 1661.603383458647), [0.4859717980626773, 0.9517052274233179, 0.9665322206011018, 5, 2, 0.07580206719198224, 0.2502058625939866, 0.4023319823302509, 0.68898035014846, 0.823227772616259]
49, 8, (96.0, 1694.2932330827068, 1711.4829573934837), [0.4859717980626773, 0.05601299496893375, 0.6791394671608604, 5, 17, 0.4543335144353925, 0.6473674336398236, 0.9558647861028332, 0.4999184754885838, 0.1592536650663432]
49, 9, (96.0, 1899.3565162907269, 1606.7759398496241), [0.4859717980626773, 0.6061377722530442, 0.7786402137116915, 5, 17, 0.5359423083410759, 0.593886234103528, 0.21263002112864848, 0.4999184754885838, 0.823227772616259]
